3d=true
polyline=false
0.00000, 0.00000, 0.0
0.00237, 0.05325, 0.0
0.00947, 0.10615, 0.0
0.02130, 0.15867, 0.0
0.03787, 0.21083, 0.0
0.05916, 0.26261, 0.0
0.08517, 0.31400, 0.0
0.11590, 0.36501, 0.0
0.15133, 0.41562, 0.0
0.19146, 0.46582, 0.0
0.23627, 0.51561, 0.0
0.28577, 0.56497, 0.0
0.33992, 0.61391, 0.0
0.39873, 0.66240, 0.0
0.46217, 0.71043, 0.0
0.53024, 0.75800, 0.0
0.60290, 0.80509, 0.0
0.68015, 0.85169, 0.0
0.76197, 0.89779, 0.0
0.84833, 0.94337, 0.0
0.93922, 0.98843, 0.0
1.03460, 1.03294, 0.0
1.13447, 1.07689, 0.0
1.23879, 1.12028, 0.0
1.34753, 1.16307, 0.0
1.46067, 1.20527, 0.0
1.57819, 1.24685, 0.0
1.70004, 1.28781, 0.0
1.82621, 1.32811, 0.0
1.95665, 1.36776, 0.0
2.09135, 1.40673, 0.0
2.23026, 1.44501, 0.0
2.37335, 1.48259, 0.0
2.52058, 1.51945, 0.0
2.67192, 1.55557, 0.0
2.82733, 1.59094, 0.0
2.98676, 1.62555, 0.0
3.15019, 1.65938, 0.0
3.31757, 1.69242, 0.0
3.48886, 1.72466, 0.0
3.66402, 1.75608, 0.0
3.84299, 1.78667, 0.0
4.02574, 1.81641, 0.0
4.21223, 1.84530, 0.0
4.40240, 1.87333, 0.0
4.59621, 1.90048, 0.0
4.79361, 1.92674, 0.0
4.99455, 1.95210, 0.0
5.19897, 1.97656, 0.0
5.40684, 2.00011, 0.0
5.61810, 2.02273, 0.0
5.83269, 2.04443, 0.0
6.05056, 2.06518, 0.0
6.27167, 2.08500, 0.0
6.49594, 2.10387, 0.0
6.72333, 2.12178, 0.0
6.95377, 2.13874, 0.0
7.18723, 2.15474, 0.0
7.42362, 2.16978, 0.0
7.66290, 2.18386, 0.0
7.90500, 2.19697, 0.0
8.14988, 2.20912, 0.0
8.39745, 2.22030, 0.0
8.64767, 2.23052, 0.0
8.90046, 2.23978, 0.0
9.15578, 2.24809, 0.0
9.41354, 2.25543, 0.0
9.67370, 2.26183, 0.0
9.93618, 2.26728, 0.0
10.20092, 2.27180, 0.0
10.46785, 2.27538, 0.0
10.73691, 2.27803, 0.0
11.00803, 2.27976, 0.0
11.28114, 2.28058, 0.0
11.55617, 2.28050, 0.0
11.83306, 2.27953, 0.0
12.11174, 2.27767, 0.0
12.39213, 2.27494, 0.0
12.67417, 2.27135, 0.0
12.95778, 2.26691, 0.0
13.24290, 2.26163, 0.0
13.52946, 2.25552, 0.0
13.81738, 2.24861, 0.0
14.10659, 2.24089, 0.0
14.39702, 2.23239, 0.0
14.68859, 2.22312, 0.0
14.98125, 2.21310, 0.0
15.27490, 2.20233, 0.0
15.56948, 2.19084, 0.0
15.86492, 2.17864, 0.0
16.16114, 2.16574, 0.0
16.45806, 2.15216, 0.0
16.75562, 2.13793, 0.0
17.05374, 2.12304, 0.0
17.35234, 2.10753, 0.0
17.65136, 2.09141, 0.0
17.95071, 2.07469, 0.0
18.25032, 2.05739, 0.0
18.55012, 2.03953, 0.0
18.85003, 2.02113, 0.0
19.14997, 2.00220, 0.0
19.44988, 1.98276, 0.0
19.74968, 1.96283, 0.0
20.04929, 1.94242, 0.0
20.34864, 1.92156, 0.0
20.64766, 1.90025, 0.0
20.94626, 1.87853, 0.0
21.24438, 1.85639, 0.0
21.54194, 1.83387, 0.0
21.83886, 1.81097, 0.0
22.13508, 1.78772, 0.0
22.43052, 1.76413, 0.0
22.72510, 1.74022, 0.0
23.01875, 1.71600, 0.0
23.31141, 1.69150, 0.0
23.60298, 1.66672, 0.0
23.89341, 1.64168, 0.0
24.18262, 1.61641, 0.0
24.47054, 1.59091, 0.0
24.75710, 1.56520, 0.0
25.04222, 1.53930, 0.0
25.32583, 1.51322, 0.0
25.60787, 1.48698, 0.0
25.88826, 1.46059, 0.0
26.16694, 1.43407, 0.0
26.44383, 1.40743, 0.0
26.71886, 1.38069, 0.0
26.99197, 1.35387, 0.0
27.26309, 1.32697, 0.0
27.53215, 1.30002, 0.0
27.79908, 1.27302, 0.0
28.06382, 1.24599, 0.0
28.32630, 1.21895, 0.0
28.58646, 1.19190, 0.0
28.84422, 1.16487, 0.0
29.09954, 1.13787, 0.0
29.35233, 1.11091, 0.0
29.60255, 1.08400, 0.0
29.85012, 1.05716, 0.0
30.09500, 1.03041, 0.0
30.33710, 1.00374, 0.0
30.57638, 0.97719, 0.0
30.81277, 0.95077, 0.0
31.04623, 0.92448, 0.0
31.27667, 0.89833, 0.0
31.50406, 0.87236, 0.0
31.72833, 0.84655, 0.0
31.94944, 0.82094, 0.0
32.16731, 0.79553, 0.0
32.38190, 0.77034, 0.0
32.59316, 0.74538, 0.0
32.80103, 0.72065, 0.0
33.00545, 0.69619, 0.0
33.20639, 0.67199, 0.0
33.40379, 0.64808, 0.0
33.59760, 0.62445, 0.0
33.78777, 0.60114, 0.0
33.97426, 0.57814, 0.0
34.15701, 0.55548, 0.0
34.33598, 0.53317, 0.0
34.51114, 0.51121, 0.0
34.68243, 0.48962, 0.0
34.84981, 0.46841, 0.0
35.01324, 0.44760, 0.0
35.17267, 0.42719, 0.0
35.32808, 0.40721, 0.0
35.47942, 0.38765, 0.0
35.62665, 0.36854, 0.0
35.76974, 0.34988, 0.0
35.90865, 0.33168, 0.0
36.04335, 0.31397, 0.0
36.17379, 0.29674, 0.0
36.29996, 0.28000, 0.0
36.42181, 0.26378, 0.0
36.53933, 0.24808, 0.0
36.65247, 0.23290, 0.0
36.76121, 0.21826, 0.0
36.86553, 0.20418, 0.0
36.96540, 0.19064, 0.0
37.06078, 0.17768, 0.0
37.15167, 0.16529, 0.0
37.23803, 0.15348, 0.0
37.31985, 0.14227, 0.0
37.39710, 0.13165, 0.0
37.46976, 0.12164, 0.0
37.53783, 0.11224, 0.0
37.60127, 0.10346, 0.0
37.66008, 0.09531, 0.0
37.71423, 0.08779, 0.0
37.76373, 0.08090, 0.0
37.80854, 0.07466, 0.0
37.84867, 0.06906, 0.0
37.88410, 0.06411, 0.0
37.91483, 0.05981, 0.0
37.94084, 0.05617, 0.0
37.96213, 0.05319, 0.0
37.97870, 0.05087, 0.0
37.99053, 0.04921, 0.0
37.99763, 0.04821, 0.0
38.00000, 0.04788, 0.0
38.00000, -0.04788, 0.0
37.99763, -0.04821, 0.0
37.99053, -0.04921, 0.0
37.97870, -0.05087, 0.0
37.96213, -0.05319, 0.0
37.94084, -0.05617, 0.0
37.91483, -0.05981, 0.0
37.88410, -0.06411, 0.0
37.84867, -0.06906, 0.0
37.80854, -0.07466, 0.0
37.76373, -0.08090, 0.0
37.71423, -0.08779, 0.0
37.66008, -0.09531, 0.0
37.60127, -0.10346, 0.0
37.53783, -0.11224, 0.0
37.46976, -0.12164, 0.0
37.39710, -0.13165, 0.0
37.31985, -0.14227, 0.0
37.23803, -0.15348, 0.0
37.15167, -0.16529, 0.0
37.06078, -0.17768, 0.0
36.96540, -0.19064, 0.0
36.86553, -0.20418, 0.0
36.76121, -0.21826, 0.0
36.65247, -0.23290, 0.0
36.53933, -0.24808, 0.0
36.42181, -0.26378, 0.0
36.29996, -0.28000, 0.0
36.17379, -0.29674, 0.0
36.04335, -0.31397, 0.0
35.90865, -0.33168, 0.0
35.76974, -0.34988, 0.0
35.62665, -0.36854, 0.0
35.47942, -0.38765, 0.0
35.32808, -0.40721, 0.0
35.17267, -0.42719, 0.0
35.01324, -0.44760, 0.0
34.84981, -0.46841, 0.0
34.68243, -0.48962, 0.0
34.51114, -0.51121, 0.0
34.33598, -0.53317, 0.0
34.15701, -0.55548, 0.0
33.97426, -0.57814, 0.0
33.78777, -0.60114, 0.0
33.59760, -0.62445, 0.0
33.40379, -0.64808, 0.0
33.20639, -0.67199, 0.0
33.00545, -0.69619, 0.0
32.80103, -0.72065, 0.0
32.59316, -0.74538, 0.0
32.38190, -0.77034, 0.0
32.16731, -0.79553, 0.0
31.94944, -0.82094, 0.0
31.72833, -0.84655, 0.0
31.50406, -0.87236, 0.0
31.27667, -0.89833, 0.0
31.04623, -0.92448, 0.0
30.81277, -0.95077, 0.0
30.57638, -0.97719, 0.0
30.33710, -1.00374, 0.0
30.09500, -1.03041, 0.0
29.85012, -1.05716, 0.0
29.60255, -1.08400, 0.0
29.35233, -1.11091, 0.0
29.09954, -1.13787, 0.0
28.84422, -1.16487, 0.0
28.58646, -1.19190, 0.0
28.32630, -1.21895, 0.0
28.06382, -1.24599, 0.0
27.79908, -1.27302, 0.0
27.53215, -1.30002, 0.0
27.26309, -1.32697, 0.0
26.99197, -1.35387, 0.0
26.71886, -1.38069, 0.0
26.44383, -1.40743, 0.0
26.16694, -1.43407, 0.0
25.88826, -1.46059, 0.0
25.60787, -1.48698, 0.0
25.32583, -1.51322, 0.0
25.04222, -1.53930, 0.0
24.75710, -1.56520, 0.0
24.47054, -1.59091, 0.0
24.18262, -1.61641, 0.0
23.89341, -1.64168, 0.0
23.60298, -1.66672, 0.0
23.31141, -1.69150, 0.0
23.01875, -1.71600, 0.0
22.72510, -1.74022, 0.0
22.43052, -1.76413, 0.0
22.13508, -1.78772, 0.0
21.83886, -1.81097, 0.0
21.54194, -1.83387, 0.0
21.24438, -1.85639, 0.0
20.94626, -1.87853, 0.0
20.64766, -1.90025, 0.0
20.34864, -1.92156, 0.0
20.04929, -1.94242, 0.0
19.74968, -1.96283, 0.0
19.44988, -1.98276, 0.0
19.14997, -2.00220, 0.0
18.85003, -2.02113, 0.0
18.55012, -2.03953, 0.0
18.25032, -2.05739, 0.0
17.95071, -2.07469, 0.0
17.65136, -2.09141, 0.0
17.35234, -2.10753, 0.0
17.05374, -2.12304, 0.0
16.75562, -2.13793, 0.0
16.45806, -2.15216, 0.0
16.16114, -2.16574, 0.0
15.86492, -2.17864, 0.0
15.56948, -2.19084, 0.0
15.27490, -2.20233, 0.0
14.98125, -2.21310, 0.0
14.68859, -2.22312, 0.0
14.39702, -2.23239, 0.0
14.10659, -2.24089, 0.0
13.81738, -2.24861, 0.0
13.52946, -2.25552, 0.0
13.24290, -2.26163, 0.0
12.95778, -2.26691, 0.0
12.67417, -2.27135, 0.0
12.39213, -2.27494, 0.0
12.11174, -2.27767, 0.0
11.83306, -2.27953, 0.0
11.55617, -2.28050, 0.0
11.28114, -2.28058, 0.0
11.00803, -2.27976, 0.0
10.73691, -2.27803, 0.0
10.46785, -2.27538, 0.0
10.20092, -2.27180, 0.0
9.93618, -2.26728, 0.0
9.67370, -2.26183, 0.0
9.41354, -2.25543, 0.0
9.15578, -2.24809, 0.0
8.90046, -2.23978, 0.0
8.64767, -2.23052, 0.0
8.39745, -2.22030, 0.0
8.14988, -2.20912, 0.0
7.90500, -2.19697, 0.0
7.66290, -2.18386, 0.0
7.42362, -2.16978, 0.0
7.18723, -2.15474, 0.0
6.95377, -2.13874, 0.0
6.72333, -2.12178, 0.0
6.49594, -2.10387, 0.0
6.27167, -2.08500, 0.0
6.05056, -2.06518, 0.0
5.83269, -2.04443, 0.0
5.61810, -2.02273, 0.0
5.40684, -2.00011, 0.0
5.19897, -1.97656, 0.0
4.99455, -1.95210, 0.0
4.79361, -1.92674, 0.0
4.59621, -1.90048, 0.0
4.40240, -1.87333, 0.0
4.21223, -1.84530, 0.0
4.02574, -1.81641, 0.0
3.84299, -1.78667, 0.0
3.66402, -1.75608, 0.0
3.48886, -1.72466, 0.0
3.31757, -1.69242, 0.0
3.15019, -1.65938, 0.0
2.98676, -1.62555, 0.0
2.82733, -1.59094, 0.0
2.67192, -1.55557, 0.0
2.52058, -1.51945, 0.0
2.37335, -1.48259, 0.0
2.23026, -1.44501, 0.0
2.09135, -1.40673, 0.0
1.95665, -1.36776, 0.0
1.82621, -1.32811, 0.0
1.70004, -1.28781, 0.0
1.57819, -1.24685, 0.0
1.46067, -1.20527, 0.0
1.34753, -1.16307, 0.0
1.23879, -1.12028, 0.0
1.13447, -1.07689, 0.0
1.03460, -1.03294, 0.0
0.93922, -0.98843, 0.0
0.84833, -0.94337, 0.0
0.76197, -0.89779, 0.0
0.68015, -0.85169, 0.0
0.60290, -0.80509, 0.0
0.53024, -0.75800, 0.0
0.46217, -0.71043, 0.0
0.39873, -0.66240, 0.0
0.33992, -0.61391, 0.0
0.28577, -0.56497, 0.0
0.23627, -0.51561, 0.0
0.19146, -0.46582, 0.0
0.15133, -0.41562, 0.0
0.11590, -0.36501, 0.0
0.08517, -0.31400, 0.0
0.05916, -0.26261, 0.0
0.03787, -0.21083, 0.0
0.02130, -0.15867, 0.0
0.00947, -0.10615, 0.0
0.00237, -0.05325, 0.0
0.00000, -0.00000, 0.0
