3D Curve
0.00000	0.00000	0.00000
0.00237	0.00552	0.00000
0.00947	0.02207	0.00000
0.02130	0.04956	0.00000
0.03787	0.08770	0.00000
0.05916	0.13570	0.00000
0.08517	0.19195	0.00000
0.11590	0.25356	0.00000
0.15133	0.31579	0.00000
0.19146	0.37144	0.00000
0.23627	0.41334	0.00000
0.28577	0.44622	0.00000
0.33992	0.48081	0.00000
0.39873	0.51895	0.00000
0.46217	0.55912	0.00000
0.53024	0.59926	0.00000
0.60290	0.63843	0.00000
0.68015	0.67650	0.00000
0.76197	0.71349	0.00000
0.84833	0.74966	0.00000
0.93922	0.78549	0.00000
1.03460	0.82163	0.00000
1.13447	0.85817	0.00000
1.23879	0.89498	0.00000
1.34753	0.93195	0.00000
1.46067	0.96896	0.00000
1.57819	1.00592	0.00000
1.70004	1.04274	0.00000
1.82621	1.07935	0.00000
1.95665	1.11571	0.00000
2.09135	1.15176	0.00000
2.23026	1.18747	0.00000
2.37335	1.22281	0.00000
2.52058	1.25776	0.00000
2.67192	1.29236	0.00000
2.82733	1.32662	0.00000
2.98676	1.36059	0.00000
3.15019	1.39427	0.00000
3.31757	1.42760	0.00000
3.48886	1.46057	0.00000
3.66402	1.49316	0.00000
3.84299	1.52535	0.00000
4.02574	1.55714	0.00000
4.21223	1.58847	0.00000
4.40240	1.61934	0.00000
4.59621	1.64970	0.00000
4.79361	1.67954	0.00000
4.99455	1.70883	0.00000
5.19897	1.73758	0.00000
5.40684	1.76577	0.00000
5.61810	1.79341	0.00000
5.83269	1.82049	0.00000
6.05056	1.84701	0.00000
6.27167	1.87293	0.00000
6.49594	1.89823	0.00000
6.72333	1.92289	0.00000
6.95377	1.94689	0.00000
7.18723	1.97020	0.00000
7.42362	1.99282	0.00000
7.66290	2.01472	0.00000
7.90500	2.03590	0.00000
8.14988	2.05634	0.00000
8.39745	2.07602	0.00000
8.64767	2.09493	0.00000
8.90046	2.11307	0.00000
9.15578	2.13042	0.00000
9.41354	2.14698	0.00000
9.67370	2.16274	0.00000
9.93618	2.17768	0.00000
10.20092	2.19174	0.00000
10.46785	2.20489	0.00000
10.73691	2.21707	0.00000
11.00803	2.22824	0.00000
11.28114	2.23834	0.00000
11.55617	2.24735	0.00000
11.83306	2.25522	0.00000
12.11174	2.26197	0.00000
12.39213	2.26760	0.00000
12.67417	2.27210	0.00000
12.95778	2.27549	0.00000
13.24290	2.27778	0.00000
13.52946	2.27896	0.00000
13.81738	2.27904	0.00000
14.10659	2.27798	0.00000
14.39702	2.27578	0.00000
14.68859	2.27240	0.00000
14.98125	2.26784	0.00000
15.27490	2.26208	0.00000
15.56948	2.25511	0.00000
15.86492	2.24695	0.00000
16.16114	2.23764	0.00000
16.45806	2.22719	0.00000
16.75562	2.21564	0.00000
17.05374	2.20301	0.00000
17.35234	2.18934	0.00000
17.65136	2.17464	0.00000
17.95071	2.15895	0.00000
18.25032	2.14227	0.00000
18.55012	2.12464	0.00000
18.85003	2.10608	0.00000
19.14997	2.08661	0.00000
19.44988	2.06627	0.00000
19.74968	2.04508	0.00000
20.04929	2.02306	0.00000
20.34864	2.00026	0.00000
20.64766	1.97671	0.00000
20.94626	1.95243	0.00000
21.24438	1.92746	0.00000
21.54194	1.90183	0.00000
21.83886	1.87556	0.00000
22.13508	1.84868	0.00000
22.43052	1.82122	0.00000
22.72510	1.79322	0.00000
23.01875	1.76469	0.00000
23.31141	1.73568	0.00000
23.60298	1.70621	0.00000
23.89341	1.67633	0.00000
24.18262	1.64605	0.00000
24.47054	1.61542	0.00000
24.75710	1.58448	0.00000
25.04222	1.55325	0.00000
25.32583	1.52177	0.00000
25.60787	1.49009	0.00000
25.88826	1.45824	0.00000
26.16694	1.42626	0.00000
26.44383	1.39419	0.00000
26.71886	1.36207	0.00000
26.99197	1.32993	0.00000
27.26309	1.29783	0.00000
27.53215	1.26581	0.00000
27.79908	1.23393	0.00000
28.06382	1.20222	0.00000
28.32630	1.17073	0.00000
28.58646	1.13950	0.00000
28.84422	1.10856	0.00000
29.09954	1.07792	0.00000
29.35233	1.04758	0.00000
29.60255	1.01755	0.00000
29.85012	0.98785	0.00000
30.09500	0.95847	0.00000
30.33710	0.92943	0.00000
30.57638	0.90072	0.00000
30.81277	0.87237	0.00000
31.04623	0.84436	0.00000
31.27667	0.81672	0.00000
31.50406	0.78944	0.00000
31.72833	0.76252	0.00000
31.94944	0.73598	0.00000
32.16731	0.70982	0.00000
32.38190	0.68404	0.00000
32.59316	0.65865	0.00000
32.80103	0.63367	0.00000
33.00545	0.60909	0.00000
33.20639	0.58493	0.00000
33.40379	0.56120	0.00000
33.59760	0.53790	0.00000
33.78777	0.51504	0.00000
33.97426	0.49262	0.00000
34.15701	0.47066	0.00000
34.33598	0.44917	0.00000
34.51114	0.42813	0.00000
34.68243	0.40757	0.00000
34.84981	0.38748	0.00000
35.01324	0.36787	0.00000
35.17267	0.34874	0.00000
35.32808	0.33010	0.00000
35.47942	0.31194	0.00000
35.62665	0.29428	0.00000
35.76974	0.27712	0.00000
35.90865	0.26045	0.00000
36.04335	0.24430	0.00000
36.17379	0.22865	0.00000
36.29996	0.21351	0.00000
36.42181	0.19889	0.00000
36.53933	0.18479	0.00000
36.65247	0.17122	0.00000
36.76121	0.15817	0.00000
36.86553	0.14565	0.00000
36.96540	0.13367	0.00000
37.06078	0.12222	0.00000
37.15167	0.11131	0.00000
37.23803	0.10095	0.00000
37.31985	0.09113	0.00000
37.39710	0.08186	0.00000
37.46976	0.07314	0.00000
37.53783	0.06497	0.00000
37.60127	0.05735	0.00000
37.66008	0.05030	0.00000
37.71423	0.04380	0.00000
37.76373	0.03786	0.00000
37.80854	0.03248	0.00000
37.84867	0.02766	0.00000
37.88410	0.02341	0.00000
37.91483	0.01972	0.00000
37.94084	0.01660	0.00000
37.96213	0.01405	0.00000
37.97870	0.01206	0.00000
37.99053	0.01064	0.00000
37.99763	0.00978	0.00000
38.00000	0.00950	0.00000
38.00000	-0.00950	0.00000
37.99763	-0.00978	0.00000
37.99053	-0.01064	0.00000
37.97870	-0.01206	0.00000
37.96213	-0.01405	0.00000
37.94084	-0.01660	0.00000
37.91483	-0.01972	0.00000
37.88410	-0.02341	0.00000
37.84867	-0.02766	0.00000
37.80854	-0.03248	0.00000
37.76373	-0.03786	0.00000
37.71423	-0.04380	0.00000
37.66008	-0.05030	0.00000
37.60127	-0.05735	0.00000
37.53783	-0.06497	0.00000
37.46976	-0.07314	0.00000
37.39710	-0.08186	0.00000
37.31985	-0.09113	0.00000
37.23803	-0.10095	0.00000
37.15167	-0.11131	0.00000
37.06078	-0.12222	0.00000
36.96540	-0.13367	0.00000
36.86553	-0.14565	0.00000
36.76121	-0.15817	0.00000
36.65247	-0.17122	0.00000
36.53933	-0.18479	0.00000
36.42181	-0.19889	0.00000
36.29996	-0.21351	0.00000
36.17379	-0.22865	0.00000
36.04335	-0.24430	0.00000
35.90865	-0.26045	0.00000
35.76974	-0.27712	0.00000
35.62665	-0.29428	0.00000
35.47942	-0.31194	0.00000
35.32808	-0.33010	0.00000
35.17267	-0.34874	0.00000
35.01324	-0.36787	0.00000
34.84981	-0.38748	0.00000
34.68243	-0.40757	0.00000
34.51114	-0.42813	0.00000
34.33598	-0.44917	0.00000
34.15701	-0.47066	0.00000
33.97426	-0.49262	0.00000
33.78777	-0.51504	0.00000
33.59760	-0.53790	0.00000
33.40379	-0.56120	0.00000
33.20639	-0.58493	0.00000
33.00545	-0.60909	0.00000
32.80103	-0.63367	0.00000
32.59316	-0.65865	0.00000
32.38190	-0.68404	0.00000
32.16731	-0.70982	0.00000
31.94944	-0.73598	0.00000
31.72833	-0.76252	0.00000
31.50406	-0.78944	0.00000
31.27667	-0.81672	0.00000
31.04623	-0.84436	0.00000
30.81277	-0.87237	0.00000
30.57638	-0.90072	0.00000
30.33710	-0.92943	0.00000
30.09500	-0.95847	0.00000
29.85012	-0.98785	0.00000
29.60255	-1.01755	0.00000
29.35233	-1.04758	0.00000
29.09954	-1.07792	0.00000
28.84422	-1.10856	0.00000
28.58646	-1.13950	0.00000
28.32630	-1.17073	0.00000
28.06382	-1.20222	0.00000
27.79908	-1.23393	0.00000
27.53215	-1.26581	0.00000
27.26309	-1.29783	0.00000
26.99197	-1.32993	0.00000
26.71886	-1.36207	0.00000
26.44383	-1.39419	0.00000
26.16694	-1.42626	0.00000
25.88826	-1.45824	0.00000
25.60787	-1.49009	0.00000
25.32583	-1.52177	0.00000
25.04222	-1.55325	0.00000
24.75710	-1.58448	0.00000
24.47054	-1.61542	0.00000
24.18262	-1.64605	0.00000
23.89341	-1.67633	0.00000
23.60298	-1.70621	0.00000
23.31141	-1.73568	0.00000
23.01875	-1.76469	0.00000
22.72510	-1.79322	0.00000
22.43052	-1.82122	0.00000
22.13508	-1.84868	0.00000
21.83886	-1.87556	0.00000
21.54194	-1.90183	0.00000
21.24438	-1.92746	0.00000
20.94626	-1.95243	0.00000
20.64766	-1.97671	0.00000
20.34864	-2.00026	0.00000
20.04929	-2.02306	0.00000
19.74968	-2.04508	0.00000
19.44988	-2.06627	0.00000
19.14997	-2.08661	0.00000
18.85003	-2.10608	0.00000
18.55012	-2.12464	0.00000
18.25032	-2.14227	0.00000
17.95071	-2.15895	0.00000
17.65136	-2.17464	0.00000
17.35234	-2.18934	0.00000
17.05374	-2.20301	0.00000
16.75562	-2.21564	0.00000
16.45806	-2.22719	0.00000
16.16114	-2.23764	0.00000
15.86492	-2.24695	0.00000
15.56948	-2.25511	0.00000
15.27490	-2.26208	0.00000
14.98125	-2.26784	0.00000
14.68859	-2.27240	0.00000
14.39702	-2.27578	0.00000
14.10659	-2.27798	0.00000
13.81738	-2.27904	0.00000
13.52946	-2.27896	0.00000
13.24290	-2.27778	0.00000
12.95778	-2.27549	0.00000
12.67417	-2.27210	0.00000
12.39213	-2.26760	0.00000
12.11174	-2.26197	0.00000
11.83306	-2.25522	0.00000
11.55617	-2.24735	0.00000
11.28114	-2.23834	0.00000
11.00803	-2.22824	0.00000
10.73691	-2.21707	0.00000
10.46785	-2.20489	0.00000
10.20092	-2.19174	0.00000
9.93618	-2.17768	0.00000
9.67370	-2.16274	0.00000
9.41354	-2.14698	0.00000
9.15578	-2.13042	0.00000
8.90046	-2.11307	0.00000
8.64767	-2.09493	0.00000
8.39745	-2.07602	0.00000
8.14988	-2.05634	0.00000
7.90500	-2.03590	0.00000
7.66290	-2.01472	0.00000
7.42362	-1.99282	0.00000
7.18723	-1.97020	0.00000
6.95377	-1.94689	0.00000
6.72333	-1.92289	0.00000
6.49594	-1.89823	0.00000
6.27167	-1.87293	0.00000
6.05056	-1.84701	0.00000
5.83269	-1.82049	0.00000
5.61810	-1.79341	0.00000
5.40684	-1.76577	0.00000
5.19897	-1.73758	0.00000
4.99455	-1.70883	0.00000
4.79361	-1.67954	0.00000
4.59621	-1.64970	0.00000
4.40240	-1.61934	0.00000
4.21223	-1.58847	0.00000
4.02574	-1.55714	0.00000
3.84299	-1.52535	0.00000
3.66402	-1.49316	0.00000
3.48886	-1.46057	0.00000
3.31757	-1.42760	0.00000
3.15019	-1.39427	0.00000
2.98676	-1.36059	0.00000
2.82733	-1.32662	0.00000
2.67192	-1.29236	0.00000
2.52058	-1.25776	0.00000
2.37335	-1.22281	0.00000
2.23026	-1.18747	0.00000
2.09135	-1.15176	0.00000
1.95665	-1.11571	0.00000
1.82621	-1.07935	0.00000
1.70004	-1.04274	0.00000
1.57819	-1.00592	0.00000
1.46067	-0.96896	0.00000
1.34753	-0.93195	0.00000
1.23879	-0.89498	0.00000
1.13447	-0.85817	0.00000
1.03460	-0.82163	0.00000
0.93922	-0.78549	0.00000
0.84833	-0.74966	0.00000
0.76197	-0.71349	0.00000
0.68015	-0.67650	0.00000
0.60290	-0.63843	0.00000
0.53024	-0.59926	0.00000
0.46217	-0.55912	0.00000
0.39873	-0.51895	0.00000
0.33992	-0.48081	0.00000
0.28577	-0.44622	0.00000
0.23627	-0.41334	0.00000
0.19146	-0.37144	0.00000
0.15133	-0.31579	0.00000
0.11590	-0.25356	0.00000
0.08517	-0.19195	0.00000
0.05916	-0.13570	0.00000
0.03787	-0.08770	0.00000
0.02130	-0.04956	0.00000
0.00947	-0.02207	0.00000
0.00237	-0.00552	0.00000
0.00000	-0.00000	0.00000
