# NACA 0018 | t/c=18% | Cyclorotor literature candidate
# Chord = 38.0 mm (actual blade chord)
# x_mm     y_mm
0.00000	0.00000
0.00237	0.07988
0.00947	0.15922
0.02130	0.23801
0.03787	0.31624
0.05916	0.39391
0.08517	0.47100
0.11590	0.54751
0.15133	0.62342
0.19146	0.69873
0.23627	0.77341
0.28577	0.84746
0.33992	0.92086
0.39873	0.99359
0.46217	1.06564
0.53024	1.13700
0.60290	1.20763
0.68015	1.27754
0.76197	1.34669
0.84833	1.41506
0.93922	1.48264
1.03460	1.54941
1.13447	1.61534
1.23879	1.68041
1.34753	1.74461
1.46067	1.80791
1.57819	1.87028
1.70004	1.93171
1.82621	1.99217
1.95665	2.05164
2.09135	2.11010
2.23026	2.16752
2.37335	2.22388
2.52058	2.27917
2.67192	2.33335
2.82733	2.38641
2.98676	2.43832
3.15019	2.48907
3.31757	2.53863
3.48886	2.58699
3.66402	2.63412
3.84299	2.68000
4.02574	2.72462
4.21223	2.76795
4.40240	2.80999
4.59621	2.85071
4.79361	2.89011
4.99455	2.92816
5.19897	2.96484
5.40684	3.00016
5.61810	3.03410
5.83269	3.06664
6.05056	3.09777
6.27167	3.12750
6.49594	3.15580
6.72333	3.18267
6.95377	3.20811
7.18723	3.23211
7.42362	3.25467
7.66290	3.27579
7.90500	3.29545
8.14988	3.31368
8.39745	3.33045
8.64767	3.34578
8.90046	3.35967
9.15578	3.37213
9.41354	3.38315
9.67370	3.39275
9.93618	3.40093
10.20092	3.40770
10.46785	3.41306
10.73691	3.41704
11.00803	3.41964
11.28114	3.42087
11.55617	3.42075
11.83306	3.41929
12.11174	3.41650
12.39213	3.41241
12.67417	3.40702
12.95778	3.40036
13.24290	3.39244
13.52946	3.38329
13.81738	3.37291
14.10659	3.36134
14.39702	3.34859
14.68859	3.33469
14.98125	3.31965
15.27490	3.30350
15.56948	3.28626
15.86492	3.26795
16.16114	3.24861
16.45806	3.22825
16.75562	3.20689
17.05374	3.18457
17.35234	3.16130
17.65136	3.13711
17.95071	3.11203
18.25032	3.08609
18.55012	3.05930
18.85003	3.03169
19.14997	3.00330
19.44988	2.97414
19.74968	2.94424
20.04929	2.91364
20.34864	2.88234
20.64766	2.85038
20.94626	2.81779
21.24438	2.78459
21.54194	2.75080
21.83886	2.71646
22.13508	2.68158
22.43052	2.64620
22.72510	2.61033
23.01875	2.57401
23.31141	2.53725
23.60298	2.50008
23.89341	2.46253
24.18262	2.42461
24.47054	2.38636
24.75710	2.34780
25.04222	2.30895
25.32583	2.26983
25.60787	2.23047
25.88826	2.19088
26.16694	2.15110
26.44383	2.11115
26.71886	2.07104
26.99197	2.03080
27.26309	1.99046
27.53215	1.95002
27.79908	1.90953
28.06382	1.86898
28.32630	1.82842
28.58646	1.78785
28.84422	1.74731
29.09954	1.70680
29.35233	1.66636
29.60255	1.62600
29.85012	1.58574
30.09500	1.54561
30.33710	1.50562
30.57638	1.46579
30.81277	1.42615
31.04623	1.38671
31.27667	1.34750
31.50406	1.30853
31.72833	1.26983
31.94944	1.23141
32.16731	1.19330
32.38190	1.15551
32.59316	1.11806
32.80103	1.08098
33.00545	1.04428
33.20639	1.00799
33.40379	0.97211
33.59760	0.93668
33.78777	0.90171
33.97426	0.86722
34.15701	0.83322
34.33598	0.79975
34.51114	0.76681
34.68243	0.73443
34.84981	0.70262
35.01324	0.67140
35.17267	0.64079
35.32808	0.61081
35.47942	0.58148
35.62665	0.55281
35.76974	0.52482
35.90865	0.49753
36.04335	0.47095
36.17379	0.44511
36.29996	0.42001
36.42181	0.39567
36.53933	0.37211
36.65247	0.34935
36.76121	0.32740
36.86553	0.30626
36.96540	0.28597
37.06078	0.26652
37.15167	0.24793
37.23803	0.23022
37.31985	0.21340
37.39710	0.19748
37.46976	0.18246
37.53783	0.16836
37.60127	0.15520
37.66008	0.14297
37.71423	0.13169
37.76373	0.12136
37.80854	0.11199
37.84867	0.10359
37.88410	0.09617
37.91483	0.08972
37.94084	0.08426
37.96213	0.07979
37.97870	0.07630
37.99053	0.07381
37.99763	0.07232
38.00000	0.07182
38.00000	-0.07182
37.99763	-0.07232
37.99053	-0.07381
37.97870	-0.07630
37.96213	-0.07979
37.94084	-0.08426
37.91483	-0.08972
37.88410	-0.09617
37.84867	-0.10359
37.80854	-0.11199
37.76373	-0.12136
37.71423	-0.13169
37.66008	-0.14297
37.60127	-0.15520
37.53783	-0.16836
37.46976	-0.18246
37.39710	-0.19748
37.31985	-0.21340
37.23803	-0.23022
37.15167	-0.24793
37.06078	-0.26652
36.96540	-0.28597
36.86553	-0.30626
36.76121	-0.32740
36.65247	-0.34935
36.53933	-0.37211
36.42181	-0.39567
36.29996	-0.42001
36.17379	-0.44511
36.04335	-0.47095
35.90865	-0.49753
35.76974	-0.52482
35.62665	-0.55281
35.47942	-0.58148
35.32808	-0.61081
35.17267	-0.64079
35.01324	-0.67140
34.84981	-0.70262
34.68243	-0.73443
34.51114	-0.76681
34.33598	-0.79975
34.15701	-0.83322
33.97426	-0.86722
33.78777	-0.90171
33.59760	-0.93668
33.40379	-0.97211
33.20639	-1.00799
33.00545	-1.04428
32.80103	-1.08098
32.59316	-1.11806
32.38190	-1.15551
32.16731	-1.19330
31.94944	-1.23141
31.72833	-1.26983
31.50406	-1.30853
31.27667	-1.34750
31.04623	-1.38671
30.81277	-1.42615
30.57638	-1.46579
30.33710	-1.50562
30.09500	-1.54561
29.85012	-1.58574
29.60255	-1.62600
29.35233	-1.66636
29.09954	-1.70680
28.84422	-1.74731
28.58646	-1.78785
28.32630	-1.82842
28.06382	-1.86898
27.79908	-1.90953
27.53215	-1.95002
27.26309	-1.99046
26.99197	-2.03080
26.71886	-2.07104
26.44383	-2.11115
26.16694	-2.15110
25.88826	-2.19088
25.60787	-2.23047
25.32583	-2.26983
25.04222	-2.30895
24.75710	-2.34780
24.47054	-2.38636
24.18262	-2.42461
23.89341	-2.46253
23.60298	-2.50008
23.31141	-2.53725
23.01875	-2.57401
22.72510	-2.61033
22.43052	-2.64620
22.13508	-2.68158
21.83886	-2.71646
21.54194	-2.75080
21.24438	-2.78459
20.94626	-2.81779
20.64766	-2.85038
20.34864	-2.88234
20.04929	-2.91364
19.74968	-2.94424
19.44988	-2.97414
19.14997	-3.00330
18.85003	-3.03169
18.55012	-3.05930
18.25032	-3.08609
17.95071	-3.11203
17.65136	-3.13711
17.35234	-3.16130
17.05374	-3.18457
16.75562	-3.20689
16.45806	-3.22825
16.16114	-3.24861
15.86492	-3.26795
15.56948	-3.28626
15.27490	-3.30350
14.98125	-3.31965
14.68859	-3.33469
14.39702	-3.34859
14.10659	-3.36134
13.81738	-3.37291
13.52946	-3.38329
13.24290	-3.39244
12.95778	-3.40036
12.67417	-3.40702
12.39213	-3.41241
12.11174	-3.41650
11.83306	-3.41929
11.55617	-3.42075
11.28114	-3.42087
11.00803	-3.41964
10.73691	-3.41704
10.46785	-3.41306
10.20092	-3.40770
9.93618	-3.40093
9.67370	-3.39275
9.41354	-3.38315
9.15578	-3.37213
8.90046	-3.35967
8.64767	-3.34578
8.39745	-3.33045
8.14988	-3.31368
7.90500	-3.29545
7.66290	-3.27579
7.42362	-3.25467
7.18723	-3.23211
6.95377	-3.20811
6.72333	-3.18267
6.49594	-3.15580
6.27167	-3.12750
6.05056	-3.09777
5.83269	-3.06664
5.61810	-3.03410
5.40684	-3.00016
5.19897	-2.96484
4.99455	-2.92816
4.79361	-2.89011
4.59621	-2.85071
4.40240	-2.80999
4.21223	-2.76795
4.02574	-2.72462
3.84299	-2.68000
3.66402	-2.63412
3.48886	-2.58699
3.31757	-2.53863
3.15019	-2.48907
2.98676	-2.43832
2.82733	-2.38641
2.67192	-2.33335
2.52058	-2.27917
2.37335	-2.22388
2.23026	-2.16752
2.09135	-2.11010
1.95665	-2.05164
1.82621	-1.99217
1.70004	-1.93171
1.57819	-1.87028
1.46067	-1.80791
1.34753	-1.74461
1.23879	-1.68041
1.13447	-1.61534
1.03460	-1.54941
0.93922	-1.48264
0.84833	-1.41506
0.76197	-1.34669
0.68015	-1.27754
0.60290	-1.20763
0.53024	-1.13700
0.46217	-1.06564
0.39873	-0.99359
0.33992	-0.92086
0.28577	-0.84746
0.23627	-0.77341
0.19146	-0.69873
0.15133	-0.62342
0.11590	-0.54751
0.08517	-0.47100
0.05916	-0.39391
0.03787	-0.31624
0.02130	-0.23801
0.00947	-0.15922
0.00237	-0.07988
0.00000	-0.00000
