# NACA 0012 | t/c=12% | CycloProp Rev 3.0 CHOSEN [SELECTED]
# Normalised chord (x in [0,1])
# x_norm   y_norm
0.00000000	0.00000000
0.00006231	0.00140141
0.00024921	0.00279331
0.00056065	0.00417557
0.00099657	0.00554807
0.00155685	0.00691066
0.00224136	0.00826318
0.00304991	0.00960543
0.00398232	0.01093724
0.00503834	0.01225838
0.00621772	0.01356862
0.00752016	0.01486772
0.00894534	0.01615542
0.01049290	0.01743145
0.01216245	0.01869552
0.01395358	0.01994733
0.01586585	0.02118658
0.01789877	0.02241293
0.02005184	0.02362605
0.02232452	0.02482561
0.02471626	0.02601124
0.02722644	0.02718259
0.02985444	0.02833928
0.03259962	0.02948094
0.03546128	0.03060719
0.03843872	0.03171765
0.04153119	0.03281192
0.04473791	0.03388961
0.04805810	0.03495032
0.05149092	0.03599366
0.05503552	0.03701923
0.05869101	0.03802665
0.06245649	0.03901550
0.06633101	0.03998541
0.07031361	0.04093599
0.07440330	0.04186685
0.07859905	0.04277763
0.08289983	0.04366794
0.08730456	0.04453743
0.09181214	0.04538575
0.09642145	0.04621256
0.10113134	0.04701751
0.10594063	0.04780029
0.11084814	0.04856058
0.11585262	0.04929809
0.12095285	0.05001253
0.12614754	0.05070364
0.13143541	0.05137115
0.13681512	0.05201482
0.14228536	0.05263444
0.14784474	0.05322978
0.15349188	0.05380066
0.15922539	0.05434691
0.16504382	0.05486836
0.17094573	0.05536488
0.17692964	0.05583634
0.18299408	0.05628266
0.18913751	0.05670373
0.19535842	0.05709950
0.20165526	0.05746993
0.20802644	0.05781498
0.21447040	0.05813466
0.22098551	0.05842897
0.22757016	0.05869795
0.23422270	0.05894166
0.24094148	0.05916015
0.24772483	0.05935353
0.25457105	0.05952189
0.26147843	0.05966538
0.26844526	0.05978413
0.27546979	0.05987830
0.28255029	0.05994809
0.28968497	0.05999368
0.29687207	0.06001529
0.30410980	0.06001315
0.31139634	0.05998752
0.31872989	0.05993864
0.32610862	0.05986681
0.33353068	0.05977231
0.34099423	0.05965544
0.34849741	0.05951653
0.35603835	0.05935590
0.36361516	0.05917390
0.37122596	0.05897089
0.37886886	0.05874722
0.38654195	0.05850327
0.39424331	0.05823944
0.40197103	0.05795610
0.40972317	0.05765367
0.41749782	0.05733254
0.42529303	0.05699315
0.43310686	0.05663590
0.44093736	0.05626123
0.44878258	0.05586958
0.45664056	0.05546137
0.46450935	0.05503705
0.47238698	0.05459707
0.48027150	0.05414187
0.48816093	0.05367190
0.49605332	0.05318762
0.50394668	0.05268948
0.51183907	0.05217792
0.51972850	0.05165342
0.52761302	0.05111641
0.53549065	0.05056736
0.54335944	0.05000671
0.55121742	0.04943492
0.55906264	0.04885244
0.56689314	0.04825972
0.57470697	0.04765720
0.58250218	0.04704533
0.59027683	0.04642455
0.59802897	0.04579529
0.60575669	0.04515800
0.61345805	0.04451311
0.62113114	0.04386104
0.62877404	0.04320222
0.63638484	0.04253707
0.64396165	0.04186602
0.65150259	0.04118947
0.65900577	0.04050785
0.66646932	0.03982155
0.67389138	0.03913099
0.68127011	0.03843657
0.68860366	0.03773868
0.69589020	0.03703772
0.70312793	0.03633408
0.71031503	0.03562815
0.71744971	0.03492031
0.72453021	0.03421096
0.73155474	0.03350046
0.73852157	0.03278919
0.74542895	0.03207753
0.75227517	0.03136586
0.75905852	0.03065453
0.76577730	0.02994392
0.77242984	0.02923439
0.77901449	0.02852631
0.78552960	0.02782003
0.79197356	0.02711592
0.79834474	0.02641434
0.80464158	0.02571563
0.81086249	0.02502017
0.81700592	0.02432829
0.82307036	0.02364036
0.82905427	0.02295672
0.83495618	0.02227772
0.84077461	0.02160372
0.84650812	0.02093506
0.85215526	0.02027209
0.85771464	0.01961515
0.86318488	0.01896459
0.86856459	0.01832075
0.87385246	0.01768398
0.87904715	0.01705461
0.88414738	0.01643299
0.88915186	0.01581944
0.89405937	0.01521432
0.89886866	0.01461795
0.90357855	0.01403066
0.90818786	0.01345279
0.91269544	0.01288465
0.91710017	0.01232658
0.92140095	0.01177890
0.92559670	0.01124193
0.92968639	0.01071598
0.93366899	0.01020136
0.93754351	0.00969838
0.94130899	0.00920734
0.94496448	0.00872855
0.94850908	0.00826229
0.95194190	0.00780886
0.95526209	0.00736854
0.95846881	0.00694160
0.96156128	0.00652832
0.96453872	0.00612896
0.96740038	0.00574378
0.97014556	0.00537303
0.97277356	0.00501695
0.97528374	0.00467577
0.97767548	0.00434972
0.97994816	0.00403903
0.98210123	0.00374389
0.98413415	0.00346451
0.98604642	0.00320108
0.98783755	0.00295377
0.98950710	0.00272276
0.99105466	0.00250821
0.99247984	0.00231027
0.99378228	0.00212906
0.99496166	0.00196473
0.99601768	0.00181739
0.99695009	0.00168713
0.99775864	0.00157405
0.99844315	0.00147823
0.99900343	0.00139974
0.99943935	0.00133864
0.99975079	0.00129496
0.99993769	0.00126874
1.00000000	0.00126000
1.00000000	-0.00126000
0.99993769	-0.00126874
0.99975079	-0.00129496
0.99943935	-0.00133864
0.99900343	-0.00139974
0.99844315	-0.00147823
0.99775864	-0.00157405
0.99695009	-0.00168713
0.99601768	-0.00181739
0.99496166	-0.00196473
0.99378228	-0.00212906
0.99247984	-0.00231027
0.99105466	-0.00250821
0.98950710	-0.00272276
0.98783755	-0.00295377
0.98604642	-0.00320108
0.98413415	-0.00346451
0.98210123	-0.00374389
0.97994816	-0.00403903
0.97767548	-0.00434972
0.97528374	-0.00467577
0.97277356	-0.00501695
0.97014556	-0.00537303
0.96740038	-0.00574378
0.96453872	-0.00612896
0.96156128	-0.00652832
0.95846881	-0.00694160
0.95526209	-0.00736854
0.95194190	-0.00780886
0.94850908	-0.00826229
0.94496448	-0.00872855
0.94130899	-0.00920734
0.93754351	-0.00969838
0.93366899	-0.01020136
0.92968639	-0.01071598
0.92559670	-0.01124193
0.92140095	-0.01177890
0.91710017	-0.01232658
0.91269544	-0.01288465
0.90818786	-0.01345279
0.90357855	-0.01403066
0.89886866	-0.01461795
0.89405937	-0.01521432
0.88915186	-0.01581944
0.88414738	-0.01643299
0.87904715	-0.01705461
0.87385246	-0.01768398
0.86856459	-0.01832075
0.86318488	-0.01896459
0.85771464	-0.01961515
0.85215526	-0.02027209
0.84650812	-0.02093506
0.84077461	-0.02160372
0.83495618	-0.02227772
0.82905427	-0.02295672
0.82307036	-0.02364036
0.81700592	-0.02432829
0.81086249	-0.02502017
0.80464158	-0.02571563
0.79834474	-0.02641434
0.79197356	-0.02711592
0.78552960	-0.02782003
0.77901449	-0.02852631
0.77242984	-0.02923439
0.76577730	-0.02994392
0.75905852	-0.03065453
0.75227517	-0.03136586
0.74542895	-0.03207753
0.73852157	-0.03278919
0.73155474	-0.03350046
0.72453021	-0.03421096
0.71744971	-0.03492031
0.71031503	-0.03562815
0.70312793	-0.03633408
0.69589020	-0.03703772
0.68860366	-0.03773868
0.68127011	-0.03843657
0.67389138	-0.03913099
0.66646932	-0.03982155
0.65900577	-0.04050785
0.65150259	-0.04118947
0.64396165	-0.04186602
0.63638484	-0.04253707
0.62877404	-0.04320222
0.62113114	-0.04386104
0.61345805	-0.04451311
0.60575669	-0.04515800
0.59802897	-0.04579529
0.59027683	-0.04642455
0.58250218	-0.04704533
0.57470697	-0.04765720
0.56689314	-0.04825972
0.55906264	-0.04885244
0.55121742	-0.04943492
0.54335944	-0.05000671
0.53549065	-0.05056736
0.52761302	-0.05111641
0.51972850	-0.05165342
0.51183907	-0.05217792
0.50394668	-0.05268948
0.49605332	-0.05318762
0.48816093	-0.05367190
0.48027150	-0.05414187
0.47238698	-0.05459707
0.46450935	-0.05503705
0.45664056	-0.05546137
0.44878258	-0.05586958
0.44093736	-0.05626123
0.43310686	-0.05663590
0.42529303	-0.05699315
0.41749782	-0.05733254
0.40972317	-0.05765367
0.40197103	-0.05795610
0.39424331	-0.05823944
0.38654195	-0.05850327
0.37886886	-0.05874722
0.37122596	-0.05897089
0.36361516	-0.05917390
0.35603835	-0.05935590
0.34849741	-0.05951653
0.34099423	-0.05965544
0.33353068	-0.05977231
0.32610862	-0.05986681
0.31872989	-0.05993864
0.31139634	-0.05998752
0.30410980	-0.06001315
0.29687207	-0.06001529
0.28968497	-0.05999368
0.28255029	-0.05994809
0.27546979	-0.05987830
0.26844526	-0.05978413
0.26147843	-0.05966538
0.25457105	-0.05952189
0.24772483	-0.05935353
0.24094148	-0.05916015
0.23422270	-0.05894166
0.22757016	-0.05869795
0.22098551	-0.05842897
0.21447040	-0.05813466
0.20802644	-0.05781498
0.20165526	-0.05746993
0.19535842	-0.05709950
0.18913751	-0.05670373
0.18299408	-0.05628266
0.17692964	-0.05583634
0.17094573	-0.05536488
0.16504382	-0.05486836
0.15922539	-0.05434691
0.15349188	-0.05380066
0.14784474	-0.05322978
0.14228536	-0.05263444
0.13681512	-0.05201482
0.13143541	-0.05137115
0.12614754	-0.05070364
0.12095285	-0.05001253
0.11585262	-0.04929809
0.11084814	-0.04856058
0.10594063	-0.04780029
0.10113134	-0.04701751
0.09642145	-0.04621256
0.09181214	-0.04538575
0.08730456	-0.04453743
0.08289983	-0.04366794
0.07859905	-0.04277763
0.07440330	-0.04186685
0.07031361	-0.04093599
0.06633101	-0.03998541
0.06245649	-0.03901550
0.05869101	-0.03802665
0.05503552	-0.03701923
0.05149092	-0.03599366
0.04805810	-0.03495032
0.04473791	-0.03388961
0.04153119	-0.03281192
0.03843872	-0.03171765
0.03546128	-0.03060719
0.03259962	-0.02948094
0.02985444	-0.02833928
0.02722644	-0.02718259
0.02471626	-0.02601124
0.02232452	-0.02482561
0.02005184	-0.02362605
0.01789877	-0.02241293
0.01586585	-0.02118658
0.01395358	-0.01994733
0.01216245	-0.01869552
0.01049290	-0.01743145
0.00894534	-0.01615542
0.00752016	-0.01486772
0.00621772	-0.01356862
0.00503834	-0.01225838
0.00398232	-0.01093724
0.00304991	-0.00960543
0.00224136	-0.00826318
0.00155685	-0.00691066
0.00099657	-0.00554807
0.00056065	-0.00417557
0.00024921	-0.00279331
0.00006231	-0.00140141
0.00000000	-0.00000000
