# NACA 63-012 | t/c=12% | 6-series laminar (high reward)
# Chord = 38.0 mm (actual blade chord)
# x_mm     y_mm
0.00000	0.00000
0.00237	0.05330
0.00947	0.10632
0.02130	0.15907
0.03787	0.21154
0.05916	0.26372
0.08517	0.31561
0.11590	0.36719
0.15133	0.41847
0.19146	0.46943
0.23627	0.52006
0.28577	0.57036
0.33992	0.62031
0.39873	0.66991
0.46217	0.71914
0.53024	0.76799
0.60290	0.81645
0.68015	0.86451
0.76197	0.91214
0.84833	0.95935
0.93922	1.00611
1.03460	1.05242
1.13447	1.09825
1.23879	1.14359
1.34753	1.18842
1.46067	1.23274
1.57819	1.27652
1.70004	1.31974
1.82621	1.36240
1.95665	1.40448
2.09135	1.44596
2.23026	1.48681
2.37335	1.52704
2.52058	1.56661
2.67192	1.60552
2.82733	1.64375
2.98676	1.68128
3.15019	1.71809
3.31757	1.75417
3.48886	1.78951
3.66402	1.82409
3.84299	1.85789
4.02574	1.89090
4.21223	1.92310
4.40240	1.95448
4.59621	1.98503
4.79361	2.01474
4.99455	2.04358
5.19897	2.07156
5.40684	2.09865
5.61810	2.12484
5.83269	2.15013
6.05056	2.17450
6.27167	2.19795
6.49594	2.22047
6.72333	2.24204
6.95377	2.26266
7.18723	2.28232
7.42362	2.30102
7.66290	2.31875
7.90500	2.33550
8.14988	2.35127
8.39745	2.36606
8.64767	2.37986
8.90046	2.39267
9.15578	2.40449
9.41354	2.41532
9.67370	2.42515
9.93618	2.43399
10.20092	2.44184
10.46785	2.44869
10.73691	2.45456
11.00803	2.45944
11.28114	2.46334
11.55617	2.46626
11.83306	2.46821
12.11174	2.46919
12.39213	2.46921
12.67417	2.46828
12.95778	2.46640
13.24290	2.46358
13.52946	2.45983
13.81738	2.45516
14.10659	2.44958
14.39702	2.44310
14.68859	2.43572
14.98125	2.42747
15.27490	2.41835
15.56948	2.40838
15.86492	2.39757
16.16114	2.38592
16.45806	2.37346
16.75562	2.36020
17.05374	2.34616
17.35234	2.33134
17.65136	2.31576
17.95071	2.29945
18.25032	2.28241
18.55012	2.26466
18.85003	2.24621
19.14997	2.22709
19.44988	2.20732
19.74968	2.18690
20.04929	2.16586
20.34864	2.14421
20.64766	2.12197
20.94626	2.09916
21.24438	2.07580
21.54194	2.05191
21.83886	2.02750
22.13508	2.00259
22.43052	1.97721
22.72510	1.95137
23.01875	1.92509
23.31141	1.89839
23.60298	1.87128
23.89341	1.84380
24.18262	1.81595
24.47054	1.78775
24.75710	1.75923
25.04222	1.73041
25.32583	1.70130
25.60787	1.67192
25.88826	1.64229
26.16694	1.61244
26.44383	1.58238
26.71886	1.55212
26.99197	1.52170
27.26309	1.49112
27.53215	1.46041
27.79908	1.42959
28.06382	1.39867
28.32630	1.36768
28.58646	1.33663
28.84422	1.30554
29.09954	1.27444
29.35233	1.24333
29.60255	1.21224
29.85012	1.18119
30.09500	1.15019
30.33710	1.11927
30.57638	1.08843
30.81277	1.05771
31.04623	1.02712
31.27667	0.99667
31.50406	0.96638
31.72833	0.93627
31.94944	0.90637
32.16731	0.87668
32.38190	0.84722
32.59316	0.81802
32.80103	0.78908
33.00545	0.76043
33.20639	0.73208
33.40379	0.70405
33.59760	0.67636
33.78777	0.64902
33.97426	0.62204
34.15701	0.59545
34.33598	0.56926
34.51114	0.54349
34.68243	0.51815
34.84981	0.49325
35.01324	0.46882
35.17267	0.44486
35.32808	0.42139
35.47942	0.39843
35.62665	0.37600
35.76974	0.35409
35.90865	0.33273
36.04335	0.31193
36.17379	0.29171
36.29996	0.27207
36.42181	0.25304
36.53933	0.23461
36.65247	0.21681
36.76121	0.19964
36.86553	0.18311
36.96540	0.16725
37.06078	0.15205
37.15167	0.13752
37.23803	0.12368
37.31985	0.11054
37.39710	0.09810
37.46976	0.08637
37.53783	0.07536
37.60127	0.06508
37.66008	0.05553
37.71423	0.04672
37.76373	0.03866
37.80854	0.03135
37.84867	0.02479
37.88410	0.01900
37.91483	0.01397
37.94084	0.00971
37.96213	0.00621
37.97870	0.00350
37.99053	0.00155
37.99763	0.00039
38.00000	-0.00000
38.00000	0.00000
37.99763	-0.00039
37.99053	-0.00155
37.97870	-0.00350
37.96213	-0.00621
37.94084	-0.00971
37.91483	-0.01397
37.88410	-0.01900
37.84867	-0.02479
37.80854	-0.03135
37.76373	-0.03866
37.71423	-0.04672
37.66008	-0.05553
37.60127	-0.06508
37.53783	-0.07536
37.46976	-0.08637
37.39710	-0.09810
37.31985	-0.11054
37.23803	-0.12368
37.15167	-0.13752
37.06078	-0.15205
36.96540	-0.16725
36.86553	-0.18311
36.76121	-0.19964
36.65247	-0.21681
36.53933	-0.23461
36.42181	-0.25304
36.29996	-0.27207
36.17379	-0.29171
36.04335	-0.31193
35.90865	-0.33273
35.76974	-0.35409
35.62665	-0.37600
35.47942	-0.39843
35.32808	-0.42139
35.17267	-0.44486
35.01324	-0.46882
34.84981	-0.49325
34.68243	-0.51815
34.51114	-0.54349
34.33598	-0.56926
34.15701	-0.59545
33.97426	-0.62204
33.78777	-0.64902
33.59760	-0.67636
33.40379	-0.70405
33.20639	-0.73208
33.00545	-0.76043
32.80103	-0.78908
32.59316	-0.81802
32.38190	-0.84722
32.16731	-0.87668
31.94944	-0.90637
31.72833	-0.93627
31.50406	-0.96638
31.27667	-0.99667
31.04623	-1.02712
30.81277	-1.05771
30.57638	-1.08843
30.33710	-1.11927
30.09500	-1.15019
29.85012	-1.18119
29.60255	-1.21224
29.35233	-1.24333
29.09954	-1.27444
28.84422	-1.30554
28.58646	-1.33663
28.32630	-1.36768
28.06382	-1.39867
27.79908	-1.42959
27.53215	-1.46041
27.26309	-1.49112
26.99197	-1.52170
26.71886	-1.55212
26.44383	-1.58238
26.16694	-1.61244
25.88826	-1.64229
25.60787	-1.67192
25.32583	-1.70130
25.04222	-1.73041
24.75710	-1.75923
24.47054	-1.78775
24.18262	-1.81595
23.89341	-1.84380
23.60298	-1.87128
23.31141	-1.89839
23.01875	-1.92509
22.72510	-1.95137
22.43052	-1.97721
22.13508	-2.00259
21.83886	-2.02750
21.54194	-2.05191
21.24438	-2.07580
20.94626	-2.09916
20.64766	-2.12197
20.34864	-2.14421
20.04929	-2.16586
19.74968	-2.18690
19.44988	-2.20732
19.14997	-2.22709
18.85003	-2.24621
18.55012	-2.26466
18.25032	-2.28241
17.95071	-2.29945
17.65136	-2.31576
17.35234	-2.33134
17.05374	-2.34616
16.75562	-2.36020
16.45806	-2.37346
16.16114	-2.38592
15.86492	-2.39757
15.56948	-2.40838
15.27490	-2.41835
14.98125	-2.42747
14.68859	-2.43572
14.39702	-2.44310
14.10659	-2.44958
13.81738	-2.45516
13.52946	-2.45983
13.24290	-2.46358
12.95778	-2.46640
12.67417	-2.46828
12.39213	-2.46921
12.11174	-2.46919
11.83306	-2.46821
11.55617	-2.46626
11.28114	-2.46334
11.00803	-2.45944
10.73691	-2.45456
10.46785	-2.44869
10.20092	-2.44184
9.93618	-2.43399
9.67370	-2.42515
9.41354	-2.41532
9.15578	-2.40449
8.90046	-2.39267
8.64767	-2.37986
8.39745	-2.36606
8.14988	-2.35127
7.90500	-2.33550
7.66290	-2.31875
7.42362	-2.30102
7.18723	-2.28232
6.95377	-2.26266
6.72333	-2.24204
6.49594	-2.22047
6.27167	-2.19795
6.05056	-2.17450
5.83269	-2.15013
5.61810	-2.12484
5.40684	-2.09865
5.19897	-2.07156
4.99455	-2.04358
4.79361	-2.01474
4.59621	-1.98503
4.40240	-1.95448
4.21223	-1.92310
4.02574	-1.89090
3.84299	-1.85789
3.66402	-1.82409
3.48886	-1.78951
3.31757	-1.75417
3.15019	-1.71809
2.98676	-1.68128
2.82733	-1.64375
2.67192	-1.60552
2.52058	-1.56661
2.37335	-1.52704
2.23026	-1.48681
2.09135	-1.44596
1.95665	-1.40448
1.82621	-1.36240
1.70004	-1.31974
1.57819	-1.27652
1.46067	-1.23274
1.34753	-1.18842
1.23879	-1.14359
1.13447	-1.09825
1.03460	-1.05242
0.93922	-1.00611
0.84833	-0.95935
0.76197	-0.91214
0.68015	-0.86451
0.60290	-0.81645
0.53024	-0.76799
0.46217	-0.71914
0.39873	-0.66991
0.33992	-0.62031
0.28577	-0.57036
0.23627	-0.52006
0.19146	-0.46943
0.15133	-0.41847
0.11590	-0.36719
0.08517	-0.31561
0.05916	-0.26372
0.03787	-0.21154
0.02130	-0.15907
0.00947	-0.10632
0.00237	-0.05330
0.00000	-0.00000
