# NACA 0018 | t/c=18% | Cyclorotor literature candidate
# Normalised chord (x in [0,1])
# x_norm   y_norm
0.00000000	0.00000000
0.00006231	0.00210212
0.00024921	0.00418996
0.00056065	0.00626336
0.00099657	0.00832211
0.00155685	0.01036599
0.00224136	0.01239476
0.00304991	0.01440815
0.00398232	0.01640586
0.00503834	0.01838756
0.00621772	0.02035293
0.00752016	0.02230158
0.00894534	0.02423313
0.01049290	0.02614717
0.01216245	0.02804328
0.01395358	0.02992100
0.01586585	0.03177987
0.01789877	0.03361939
0.02005184	0.03543908
0.02232452	0.03723841
0.02471626	0.03901686
0.02722644	0.04077388
0.02985444	0.04250892
0.03259962	0.04422141
0.03546128	0.04591079
0.03843872	0.04757648
0.04153119	0.04921788
0.04473791	0.05083441
0.04805810	0.05242548
0.05149092	0.05399049
0.05503552	0.05552885
0.05869101	0.05703997
0.06245649	0.05852325
0.06633101	0.05997812
0.07031361	0.06140398
0.07440330	0.06280028
0.07859905	0.06416644
0.08289983	0.06550191
0.08730456	0.06680615
0.09181214	0.06807863
0.09642145	0.06931883
0.10113134	0.07052626
0.10594063	0.07170043
0.11084814	0.07284087
0.11585262	0.07394713
0.12095285	0.07501880
0.12614754	0.07605546
0.13143541	0.07705672
0.13681512	0.07802223
0.14228536	0.07895165
0.14784474	0.07984467
0.15349188	0.08070099
0.15922539	0.08152036
0.16504382	0.08230254
0.17094573	0.08304732
0.17692964	0.08375452
0.18299408	0.08442398
0.18913751	0.08505559
0.19535842	0.08564925
0.20165526	0.08620489
0.20802644	0.08672247
0.21447040	0.08720199
0.22098551	0.08764346
0.22757016	0.08804693
0.23422270	0.08841248
0.24094148	0.08874023
0.24772483	0.08903029
0.25457105	0.08928284
0.26147843	0.08949807
0.26844526	0.08967619
0.27546979	0.08981746
0.28255029	0.08992213
0.28968497	0.08999052
0.29687207	0.09002294
0.30410980	0.09001973
0.31139634	0.08998128
0.31872989	0.08990797
0.32610862	0.08980022
0.33353068	0.08965846
0.34099423	0.08948316
0.34849741	0.08927479
0.35603835	0.08903385
0.36361516	0.08876085
0.37122596	0.08845633
0.37886886	0.08812083
0.38654195	0.08775491
0.39424331	0.08735915
0.40197103	0.08693415
0.40972317	0.08648050
0.41749782	0.08599881
0.42529303	0.08548972
0.43310686	0.08495385
0.44093736	0.08439185
0.44878258	0.08380437
0.45664056	0.08319205
0.46450935	0.08255558
0.47238698	0.08189560
0.48027150	0.08121280
0.48816093	0.08050785
0.49605332	0.07978143
0.50394668	0.07903421
0.51183907	0.07826688
0.51972850	0.07748012
0.52761302	0.07667461
0.53549065	0.07585103
0.54335944	0.07501006
0.55121742	0.07415238
0.55906264	0.07327866
0.56689314	0.07238958
0.57470697	0.07148580
0.58250218	0.07056800
0.59027683	0.06963682
0.59802897	0.06869294
0.60575669	0.06773700
0.61345805	0.06676966
0.62113114	0.06579155
0.62877404	0.06480332
0.63638484	0.06380560
0.64396165	0.06279902
0.65150259	0.06178421
0.65900577	0.06076177
0.66646932	0.05973233
0.67389138	0.05869649
0.68127011	0.05765485
0.68860366	0.05660802
0.69589020	0.05555658
0.70312793	0.05450112
0.71031503	0.05344222
0.71744971	0.05238047
0.72453021	0.05131644
0.73155474	0.05025069
0.73852157	0.04918379
0.74542895	0.04811630
0.75227517	0.04704879
0.75905852	0.04598179
0.76577730	0.04491588
0.77242984	0.04385159
0.77901449	0.04278946
0.78552960	0.04173005
0.79197356	0.04067388
0.79834474	0.03962151
0.80464158	0.03857345
0.81086249	0.03753025
0.81700592	0.03649243
0.82307036	0.03546053
0.82905427	0.03443507
0.83495618	0.03341658
0.84077461	0.03240558
0.84650812	0.03140259
0.85215526	0.03040813
0.85771464	0.02942272
0.86318488	0.02844688
0.86856459	0.02748113
0.87385246	0.02652597
0.87904715	0.02558192
0.88414738	0.02464948
0.88915186	0.02372917
0.89405937	0.02282148
0.89886866	0.02192692
0.90357855	0.02104599
0.90818786	0.02017918
0.91269544	0.01932698
0.91710017	0.01848988
0.92140095	0.01766836
0.92559670	0.01686289
0.92968639	0.01607397
0.93366899	0.01530204
0.93754351	0.01454757
0.94130899	0.01381101
0.94496448	0.01309283
0.94850908	0.01239344
0.95194190	0.01171330
0.95526209	0.01105281
0.95846881	0.01041241
0.96156128	0.00979249
0.96453872	0.00919345
0.96740038	0.00861567
0.97014556	0.00805954
0.97277356	0.00752542
0.97528374	0.00701365
0.97767548	0.00652458
0.97994816	0.00605854
0.98210123	0.00561583
0.98413415	0.00519676
0.98604642	0.00480161
0.98783755	0.00443066
0.98950710	0.00408414
0.99105466	0.00376232
0.99247984	0.00346540
0.99378228	0.00319360
0.99496166	0.00294710
0.99601768	0.00272608
0.99695009	0.00253069
0.99775864	0.00236107
0.99844315	0.00221735
0.99900343	0.00209961
0.99943935	0.00200796
0.99975079	0.00194244
0.99993769	0.00190311
1.00000000	0.00189000
1.00000000	-0.00189000
0.99993769	-0.00190311
0.99975079	-0.00194244
0.99943935	-0.00200796
0.99900343	-0.00209961
0.99844315	-0.00221735
0.99775864	-0.00236107
0.99695009	-0.00253069
0.99601768	-0.00272608
0.99496166	-0.00294710
0.99378228	-0.00319360
0.99247984	-0.00346540
0.99105466	-0.00376232
0.98950710	-0.00408414
0.98783755	-0.00443066
0.98604642	-0.00480161
0.98413415	-0.00519676
0.98210123	-0.00561583
0.97994816	-0.00605854
0.97767548	-0.00652458
0.97528374	-0.00701365
0.97277356	-0.00752542
0.97014556	-0.00805954
0.96740038	-0.00861567
0.96453872	-0.00919345
0.96156128	-0.00979249
0.95846881	-0.01041241
0.95526209	-0.01105281
0.95194190	-0.01171330
0.94850908	-0.01239344
0.94496448	-0.01309283
0.94130899	-0.01381101
0.93754351	-0.01454757
0.93366899	-0.01530204
0.92968639	-0.01607397
0.92559670	-0.01686289
0.92140095	-0.01766836
0.91710017	-0.01848988
0.91269544	-0.01932698
0.90818786	-0.02017918
0.90357855	-0.02104599
0.89886866	-0.02192692
0.89405937	-0.02282148
0.88915186	-0.02372917
0.88414738	-0.02464948
0.87904715	-0.02558192
0.87385246	-0.02652597
0.86856459	-0.02748113
0.86318488	-0.02844688
0.85771464	-0.02942272
0.85215526	-0.03040813
0.84650812	-0.03140259
0.84077461	-0.03240558
0.83495618	-0.03341658
0.82905427	-0.03443507
0.82307036	-0.03546053
0.81700592	-0.03649243
0.81086249	-0.03753025
0.80464158	-0.03857345
0.79834474	-0.03962151
0.79197356	-0.04067388
0.78552960	-0.04173005
0.77901449	-0.04278946
0.77242984	-0.04385159
0.76577730	-0.04491588
0.75905852	-0.04598179
0.75227517	-0.04704879
0.74542895	-0.04811630
0.73852157	-0.04918379
0.73155474	-0.05025069
0.72453021	-0.05131644
0.71744971	-0.05238047
0.71031503	-0.05344222
0.70312793	-0.05450112
0.69589020	-0.05555658
0.68860366	-0.05660802
0.68127011	-0.05765485
0.67389138	-0.05869649
0.66646932	-0.05973233
0.65900577	-0.06076177
0.65150259	-0.06178421
0.64396165	-0.06279902
0.63638484	-0.06380560
0.62877404	-0.06480332
0.62113114	-0.06579155
0.61345805	-0.06676966
0.60575669	-0.06773700
0.59802897	-0.06869294
0.59027683	-0.06963682
0.58250218	-0.07056800
0.57470697	-0.07148580
0.56689314	-0.07238958
0.55906264	-0.07327866
0.55121742	-0.07415238
0.54335944	-0.07501006
0.53549065	-0.07585103
0.52761302	-0.07667461
0.51972850	-0.07748012
0.51183907	-0.07826688
0.50394668	-0.07903421
0.49605332	-0.07978143
0.48816093	-0.08050785
0.48027150	-0.08121280
0.47238698	-0.08189560
0.46450935	-0.08255558
0.45664056	-0.08319205
0.44878258	-0.08380437
0.44093736	-0.08439185
0.43310686	-0.08495385
0.42529303	-0.08548972
0.41749782	-0.08599881
0.40972317	-0.08648050
0.40197103	-0.08693415
0.39424331	-0.08735915
0.38654195	-0.08775491
0.37886886	-0.08812083
0.37122596	-0.08845633
0.36361516	-0.08876085
0.35603835	-0.08903385
0.34849741	-0.08927479
0.34099423	-0.08948316
0.33353068	-0.08965846
0.32610862	-0.08980022
0.31872989	-0.08990797
0.31139634	-0.08998128
0.30410980	-0.09001973
0.29687207	-0.09002294
0.28968497	-0.08999052
0.28255029	-0.08992213
0.27546979	-0.08981746
0.26844526	-0.08967619
0.26147843	-0.08949807
0.25457105	-0.08928284
0.24772483	-0.08903029
0.24094148	-0.08874023
0.23422270	-0.08841248
0.22757016	-0.08804693
0.22098551	-0.08764346
0.21447040	-0.08720199
0.20802644	-0.08672247
0.20165526	-0.08620489
0.19535842	-0.08564925
0.18913751	-0.08505559
0.18299408	-0.08442398
0.17692964	-0.08375452
0.17094573	-0.08304732
0.16504382	-0.08230254
0.15922539	-0.08152036
0.15349188	-0.08070099
0.14784474	-0.07984467
0.14228536	-0.07895165
0.13681512	-0.07802223
0.13143541	-0.07705672
0.12614754	-0.07605546
0.12095285	-0.07501880
0.11585262	-0.07394713
0.11084814	-0.07284087
0.10594063	-0.07170043
0.10113134	-0.07052626
0.09642145	-0.06931883
0.09181214	-0.06807863
0.08730456	-0.06680615
0.08289983	-0.06550191
0.07859905	-0.06416644
0.07440330	-0.06280028
0.07031361	-0.06140398
0.06633101	-0.05997812
0.06245649	-0.05852325
0.05869101	-0.05703997
0.05503552	-0.05552885
0.05149092	-0.05399049
0.04805810	-0.05242548
0.04473791	-0.05083441
0.04153119	-0.04921788
0.03843872	-0.04757648
0.03546128	-0.04591079
0.03259962	-0.04422141
0.02985444	-0.04250892
0.02722644	-0.04077388
0.02471626	-0.03901686
0.02232452	-0.03723841
0.02005184	-0.03543908
0.01789877	-0.03361939
0.01586585	-0.03177987
0.01395358	-0.02992100
0.01216245	-0.02804328
0.01049290	-0.02614717
0.00894534	-0.02423313
0.00752016	-0.02230158
0.00621772	-0.02035293
0.00503834	-0.01838756
0.00398232	-0.01640586
0.00304991	-0.01440815
0.00224136	-0.01239476
0.00155685	-0.01036599
0.00099657	-0.00832211
0.00056065	-0.00626336
0.00024921	-0.00418996
0.00006231	-0.00210212
0.00000000	-0.00000000
