# NACA 0009 | t/c=9%  | Thinnest structural limit
# Source: NACA 4-digit formula (Report 460)
# Chord = 38.0 mm (actual blade chord)
# x_mm     y_mm
0.00000	0.00000
0.00237	0.03994
0.00947	0.07961
0.02130	0.11900
0.03787	0.15812
0.05916	0.19695
0.08517	0.23550
0.11590	0.27375
0.15133	0.31171
0.19146	0.34936
0.23627	0.38671
0.28577	0.42373
0.33992	0.46043
0.39873	0.49680
0.46217	0.53282
0.53024	0.56850
0.60290	0.60382
0.68015	0.63877
0.76197	0.67334
0.84833	0.70753
0.93922	0.74132
1.03460	0.77470
1.13447	0.80767
1.23879	0.84021
1.34753	0.87231
1.46067	0.90395
1.57819	0.93514
1.70004	0.96585
1.82621	0.99608
1.95665	1.02582
2.09135	1.05505
2.23026	1.08376
2.37335	1.11194
2.52058	1.13958
2.67192	1.16668
2.82733	1.19321
2.98676	1.21916
3.15019	1.24454
3.31757	1.26932
3.48886	1.29349
3.66402	1.31706
3.84299	1.34000
4.02574	1.36231
4.21223	1.38398
4.40240	1.40500
4.59621	1.42536
4.79361	1.44505
4.99455	1.46408
5.19897	1.48242
5.40684	1.50008
5.61810	1.51705
5.83269	1.53332
6.05056	1.54889
6.27167	1.56375
6.49594	1.57790
6.72333	1.59134
6.95377	1.60406
7.18723	1.61606
7.42362	1.62734
7.66290	1.63789
7.90500	1.64773
8.14988	1.65684
8.39745	1.66523
8.64767	1.67289
8.90046	1.67984
9.15578	1.68606
9.41354	1.69158
9.67370	1.69637
9.93618	1.70046
10.20092	1.70385
10.46785	1.70653
10.73691	1.70852
11.00803	1.70982
11.28114	1.71044
11.55617	1.71037
11.83306	1.70964
12.11174	1.70825
12.39213	1.70620
12.67417	1.70351
12.95778	1.70018
13.24290	1.69622
13.52946	1.69164
13.81738	1.68646
14.10659	1.68067
14.39702	1.67430
14.68859	1.66734
14.98125	1.65982
15.27490	1.65175
15.56948	1.64313
15.86492	1.63398
16.16114	1.62430
16.45806	1.61412
16.75562	1.60345
17.05374	1.59228
17.35234	1.58065
17.65136	1.56856
17.95071	1.55602
18.25032	1.54304
18.55012	1.52965
18.85003	1.51585
19.14997	1.50165
19.44988	1.48707
19.74968	1.47212
20.04929	1.45682
20.34864	1.44117
20.64766	1.42519
20.94626	1.40890
21.24438	1.39229
21.54194	1.37540
21.83886	1.35823
22.13508	1.34079
22.43052	1.32310
22.72510	1.30517
23.01875	1.28700
23.31141	1.26862
23.60298	1.25004
23.89341	1.23126
24.18262	1.21231
24.47054	1.19318
24.75710	1.17390
25.04222	1.15447
25.32583	1.13491
25.60787	1.11523
25.88826	1.09544
26.16694	1.07555
26.44383	1.05557
26.71886	1.03552
26.99197	1.01540
27.26309	0.99523
27.53215	0.97501
27.79908	0.95476
28.06382	0.93449
28.32630	0.91421
28.58646	0.89393
28.84422	0.87365
29.09954	0.85340
29.35233	0.83318
29.60255	0.81300
29.85012	0.79287
30.09500	0.77280
30.33710	0.75281
30.57638	0.73290
30.81277	0.71307
31.04623	0.69336
31.27667	0.67375
31.50406	0.65427
31.72833	0.63492
31.94944	0.61571
32.16731	0.59665
32.38190	0.57775
32.59316	0.55903
32.80103	0.54049
33.00545	0.52214
33.20639	0.50399
33.40379	0.48606
33.59760	0.46834
33.78777	0.45085
33.97426	0.43361
34.15701	0.41661
34.33598	0.39987
34.51114	0.38340
34.68243	0.36721
34.84981	0.35131
35.01324	0.33570
35.17267	0.32039
35.32808	0.30541
35.47942	0.29074
35.62665	0.27640
35.76974	0.26241
35.90865	0.24876
36.04335	0.23548
36.17379	0.22255
36.29996	0.21000
36.42181	0.19784
36.53933	0.18606
36.65247	0.17468
36.76121	0.16370
36.86553	0.15313
36.96540	0.14298
37.06078	0.13326
37.15167	0.12397
37.23803	0.11511
37.31985	0.10670
37.39710	0.09874
37.46976	0.09123
37.53783	0.08418
37.60127	0.07760
37.66008	0.07148
37.71423	0.06584
37.76373	0.06068
37.80854	0.05599
37.84867	0.05180
37.88410	0.04808
37.91483	0.04486
37.94084	0.04213
37.96213	0.03989
37.97870	0.03815
37.99053	0.03691
37.99763	0.03616
38.00000	0.03591
38.00000	-0.03591
37.99763	-0.03616
37.99053	-0.03691
37.97870	-0.03815
37.96213	-0.03989
37.94084	-0.04213
37.91483	-0.04486
37.88410	-0.04808
37.84867	-0.05180
37.80854	-0.05599
37.76373	-0.06068
37.71423	-0.06584
37.66008	-0.07148
37.60127	-0.07760
37.53783	-0.08418
37.46976	-0.09123
37.39710	-0.09874
37.31985	-0.10670
37.23803	-0.11511
37.15167	-0.12397
37.06078	-0.13326
36.96540	-0.14298
36.86553	-0.15313
36.76121	-0.16370
36.65247	-0.17468
36.53933	-0.18606
36.42181	-0.19784
36.29996	-0.21000
36.17379	-0.22255
36.04335	-0.23548
35.90865	-0.24876
35.76974	-0.26241
35.62665	-0.27640
35.47942	-0.29074
35.32808	-0.30541
35.17267	-0.32039
35.01324	-0.33570
34.84981	-0.35131
34.68243	-0.36721
34.51114	-0.38340
34.33598	-0.39987
34.15701	-0.41661
33.97426	-0.43361
33.78777	-0.45085
33.59760	-0.46834
33.40379	-0.48606
33.20639	-0.50399
33.00545	-0.52214
32.80103	-0.54049
32.59316	-0.55903
32.38190	-0.57775
32.16731	-0.59665
31.94944	-0.61571
31.72833	-0.63492
31.50406	-0.65427
31.27667	-0.67375
31.04623	-0.69336
30.81277	-0.71307
30.57638	-0.73290
30.33710	-0.75281
30.09500	-0.77280
29.85012	-0.79287
29.60255	-0.81300
29.35233	-0.83318
29.09954	-0.85340
28.84422	-0.87365
28.58646	-0.89393
28.32630	-0.91421
28.06382	-0.93449
27.79908	-0.95476
27.53215	-0.97501
27.26309	-0.99523
26.99197	-1.01540
26.71886	-1.03552
26.44383	-1.05557
26.16694	-1.07555
25.88826	-1.09544
25.60787	-1.11523
25.32583	-1.13491
25.04222	-1.15447
24.75710	-1.17390
24.47054	-1.19318
24.18262	-1.21231
23.89341	-1.23126
23.60298	-1.25004
23.31141	-1.26862
23.01875	-1.28700
22.72510	-1.30517
22.43052	-1.32310
22.13508	-1.34079
21.83886	-1.35823
21.54194	-1.37540
21.24438	-1.39229
20.94626	-1.40890
20.64766	-1.42519
20.34864	-1.44117
20.04929	-1.45682
19.74968	-1.47212
19.44988	-1.48707
19.14997	-1.50165
18.85003	-1.51585
18.55012	-1.52965
18.25032	-1.54304
17.95071	-1.55602
17.65136	-1.56856
17.35234	-1.58065
17.05374	-1.59228
16.75562	-1.60345
16.45806	-1.61412
16.16114	-1.62430
15.86492	-1.63398
15.56948	-1.64313
15.27490	-1.65175
14.98125	-1.65982
14.68859	-1.66734
14.39702	-1.67430
14.10659	-1.68067
13.81738	-1.68646
13.52946	-1.69164
13.24290	-1.69622
12.95778	-1.70018
12.67417	-1.70351
12.39213	-1.70620
12.11174	-1.70825
11.83306	-1.70964
11.55617	-1.71037
11.28114	-1.71044
11.00803	-1.70982
10.73691	-1.70852
10.46785	-1.70653
10.20092	-1.70385
9.93618	-1.70046
9.67370	-1.69637
9.41354	-1.69158
9.15578	-1.68606
8.90046	-1.67984
8.64767	-1.67289
8.39745	-1.66523
8.14988	-1.65684
7.90500	-1.64773
7.66290	-1.63789
7.42362	-1.62734
7.18723	-1.61606
6.95377	-1.60406
6.72333	-1.59134
6.49594	-1.57790
6.27167	-1.56375
6.05056	-1.54889
5.83269	-1.53332
5.61810	-1.51705
5.40684	-1.50008
5.19897	-1.48242
4.99455	-1.46408
4.79361	-1.44505
4.59621	-1.42536
4.40240	-1.40500
4.21223	-1.38398
4.02574	-1.36231
3.84299	-1.34000
3.66402	-1.31706
3.48886	-1.29349
3.31757	-1.26932
3.15019	-1.24454
2.98676	-1.21916
2.82733	-1.19321
2.67192	-1.16668
2.52058	-1.13958
2.37335	-1.11194
2.23026	-1.08376
2.09135	-1.05505
1.95665	-1.02582
1.82621	-0.99608
1.70004	-0.96585
1.57819	-0.93514
1.46067	-0.90395
1.34753	-0.87231
1.23879	-0.84021
1.13447	-0.80767
1.03460	-0.77470
0.93922	-0.74132
0.84833	-0.70753
0.76197	-0.67334
0.68015	-0.63877
0.60290	-0.60382
0.53024	-0.56850
0.46217	-0.53282
0.39873	-0.49680
0.33992	-0.46043
0.28577	-0.42373
0.23627	-0.38671
0.19146	-0.34936
0.15133	-0.31171
0.11590	-0.27375
0.08517	-0.23550
0.05916	-0.19695
0.03787	-0.15812
0.02130	-0.11900
0.00947	-0.07961
0.00237	-0.03994
0.00000	-0.00000
