# NACA 0009 | t/c=9%  | Thinnest structural limit
# Normalised chord (x in [0,1])
# x_norm   y_norm
0.00000000	0.00000000
0.00006231	0.00105106
0.00024921	0.00209498
0.00056065	0.00313168
0.00099657	0.00416105
0.00155685	0.00518300
0.00224136	0.00619738
0.00304991	0.00720408
0.00398232	0.00820293
0.00503834	0.00919378
0.00621772	0.01017646
0.00752016	0.01115079
0.00894534	0.01211657
0.01049290	0.01307359
0.01216245	0.01402164
0.01395358	0.01496050
0.01586585	0.01588993
0.01789877	0.01680970
0.02005184	0.01771954
0.02232452	0.01861921
0.02471626	0.01950843
0.02722644	0.02038694
0.02985444	0.02125446
0.03259962	0.02211071
0.03546128	0.02295540
0.03843872	0.02378824
0.04153119	0.02460894
0.04473791	0.02541720
0.04805810	0.02621274
0.05149092	0.02699524
0.05503552	0.02776443
0.05869101	0.02851998
0.06245649	0.02926163
0.06633101	0.02998906
0.07031361	0.03070199
0.07440330	0.03140014
0.07859905	0.03208322
0.08289983	0.03275095
0.08730456	0.03340308
0.09181214	0.03403932
0.09642145	0.03465942
0.10113134	0.03526313
0.10594063	0.03585021
0.11084814	0.03642043
0.11585262	0.03697357
0.12095285	0.03750940
0.12614754	0.03802773
0.13143541	0.03852836
0.13681512	0.03901112
0.14228536	0.03947583
0.14784474	0.03992233
0.15349188	0.04035050
0.15922539	0.04076018
0.16504382	0.04115127
0.17094573	0.04152366
0.17692964	0.04187726
0.18299408	0.04221199
0.18913751	0.04252780
0.19535842	0.04282463
0.20165526	0.04310245
0.20802644	0.04336124
0.21447040	0.04360099
0.22098551	0.04382173
0.22757016	0.04402347
0.23422270	0.04420624
0.24094148	0.04437011
0.24772483	0.04451514
0.25457105	0.04464142
0.26147843	0.04474903
0.26844526	0.04483810
0.27546979	0.04490873
0.28255029	0.04496107
0.28968497	0.04499526
0.29687207	0.04501147
0.30410980	0.04500987
0.31139634	0.04499064
0.31872989	0.04495398
0.32610862	0.04490011
0.33353068	0.04482923
0.34099423	0.04474158
0.34849741	0.04463740
0.35603835	0.04451693
0.36361516	0.04438043
0.37122596	0.04422816
0.37886886	0.04406041
0.38654195	0.04387746
0.39424331	0.04367958
0.40197103	0.04346707
0.40972317	0.04324025
0.41749782	0.04299941
0.42529303	0.04274486
0.43310686	0.04247693
0.44093736	0.04219593
0.44878258	0.04190218
0.45664056	0.04159603
0.46450935	0.04127779
0.47238698	0.04094780
0.48027150	0.04060640
0.48816093	0.04025393
0.49605332	0.03989071
0.50394668	0.03951711
0.51183907	0.03913344
0.51972850	0.03874006
0.52761302	0.03833731
0.53549065	0.03792552
0.54335944	0.03750503
0.55121742	0.03707619
0.55906264	0.03663933
0.56689314	0.03619479
0.57470697	0.03574290
0.58250218	0.03528400
0.59027683	0.03481841
0.59802897	0.03434647
0.60575669	0.03386850
0.61345805	0.03338483
0.62113114	0.03289578
0.62877404	0.03240166
0.63638484	0.03190280
0.64396165	0.03139951
0.65150259	0.03089210
0.65900577	0.03038088
0.66646932	0.02986616
0.67389138	0.02934824
0.68127011	0.02882743
0.68860366	0.02830401
0.69589020	0.02777829
0.70312793	0.02725056
0.71031503	0.02672111
0.71744971	0.02619024
0.72453021	0.02565822
0.73155474	0.02512534
0.73852157	0.02459189
0.74542895	0.02405815
0.75227517	0.02352439
0.75905852	0.02299090
0.76577730	0.02245794
0.77242984	0.02192579
0.77901449	0.02139473
0.78552960	0.02086502
0.79197356	0.02033694
0.79834474	0.01981075
0.80464158	0.01928673
0.81086249	0.01876512
0.81700592	0.01824622
0.82307036	0.01773027
0.82905427	0.01721754
0.83495618	0.01670829
0.84077461	0.01620279
0.84650812	0.01570129
0.85215526	0.01520406
0.85771464	0.01471136
0.86318488	0.01422344
0.86856459	0.01374056
0.87385246	0.01326298
0.87904715	0.01279096
0.88414738	0.01232474
0.88915186	0.01186458
0.89405937	0.01141074
0.89886866	0.01096346
0.90357855	0.01052300
0.90818786	0.01008959
0.91269544	0.00966349
0.91710017	0.00924494
0.92140095	0.00883418
0.92559670	0.00843145
0.92968639	0.00803698
0.93366899	0.00765102
0.93754351	0.00727378
0.94130899	0.00690551
0.94496448	0.00654641
0.94850908	0.00619672
0.95194190	0.00585665
0.95526209	0.00552641
0.95846881	0.00520620
0.96156128	0.00489624
0.96453872	0.00459672
0.96740038	0.00430784
0.97014556	0.00402977
0.97277356	0.00376271
0.97528374	0.00350683
0.97767548	0.00326229
0.97994816	0.00302927
0.98210123	0.00280792
0.98413415	0.00259838
0.98604642	0.00240081
0.98783755	0.00221533
0.98950710	0.00204207
0.99105466	0.00188116
0.99247984	0.00173270
0.99378228	0.00159680
0.99496166	0.00147355
0.99601768	0.00136304
0.99695009	0.00126535
0.99775864	0.00118054
0.99844315	0.00110867
0.99900343	0.00104981
0.99943935	0.00100398
0.99975079	0.00097122
0.99993769	0.00095156
1.00000000	0.00094500
1.00000000	-0.00094500
0.99993769	-0.00095156
0.99975079	-0.00097122
0.99943935	-0.00100398
0.99900343	-0.00104981
0.99844315	-0.00110867
0.99775864	-0.00118054
0.99695009	-0.00126535
0.99601768	-0.00136304
0.99496166	-0.00147355
0.99378228	-0.00159680
0.99247984	-0.00173270
0.99105466	-0.00188116
0.98950710	-0.00204207
0.98783755	-0.00221533
0.98604642	-0.00240081
0.98413415	-0.00259838
0.98210123	-0.00280792
0.97994816	-0.00302927
0.97767548	-0.00326229
0.97528374	-0.00350683
0.97277356	-0.00376271
0.97014556	-0.00402977
0.96740038	-0.00430784
0.96453872	-0.00459672
0.96156128	-0.00489624
0.95846881	-0.00520620
0.95526209	-0.00552641
0.95194190	-0.00585665
0.94850908	-0.00619672
0.94496448	-0.00654641
0.94130899	-0.00690551
0.93754351	-0.00727378
0.93366899	-0.00765102
0.92968639	-0.00803698
0.92559670	-0.00843145
0.92140095	-0.00883418
0.91710017	-0.00924494
0.91269544	-0.00966349
0.90818786	-0.01008959
0.90357855	-0.01052300
0.89886866	-0.01096346
0.89405937	-0.01141074
0.88915186	-0.01186458
0.88414738	-0.01232474
0.87904715	-0.01279096
0.87385246	-0.01326298
0.86856459	-0.01374056
0.86318488	-0.01422344
0.85771464	-0.01471136
0.85215526	-0.01520406
0.84650812	-0.01570129
0.84077461	-0.01620279
0.83495618	-0.01670829
0.82905427	-0.01721754
0.82307036	-0.01773027
0.81700592	-0.01824622
0.81086249	-0.01876512
0.80464158	-0.01928673
0.79834474	-0.01981075
0.79197356	-0.02033694
0.78552960	-0.02086502
0.77901449	-0.02139473
0.77242984	-0.02192579
0.76577730	-0.02245794
0.75905852	-0.02299090
0.75227517	-0.02352439
0.74542895	-0.02405815
0.73852157	-0.02459189
0.73155474	-0.02512534
0.72453021	-0.02565822
0.71744971	-0.02619024
0.71031503	-0.02672111
0.70312793	-0.02725056
0.69589020	-0.02777829
0.68860366	-0.02830401
0.68127011	-0.02882743
0.67389138	-0.02934824
0.66646932	-0.02986616
0.65900577	-0.03038088
0.65150259	-0.03089210
0.64396165	-0.03139951
0.63638484	-0.03190280
0.62877404	-0.03240166
0.62113114	-0.03289578
0.61345805	-0.03338483
0.60575669	-0.03386850
0.59802897	-0.03434647
0.59027683	-0.03481841
0.58250218	-0.03528400
0.57470697	-0.03574290
0.56689314	-0.03619479
0.55906264	-0.03663933
0.55121742	-0.03707619
0.54335944	-0.03750503
0.53549065	-0.03792552
0.52761302	-0.03833731
0.51972850	-0.03874006
0.51183907	-0.03913344
0.50394668	-0.03951711
0.49605332	-0.03989071
0.48816093	-0.04025393
0.48027150	-0.04060640
0.47238698	-0.04094780
0.46450935	-0.04127779
0.45664056	-0.04159603
0.44878258	-0.04190218
0.44093736	-0.04219593
0.43310686	-0.04247693
0.42529303	-0.04274486
0.41749782	-0.04299941
0.40972317	-0.04324025
0.40197103	-0.04346707
0.39424331	-0.04367958
0.38654195	-0.04387746
0.37886886	-0.04406041
0.37122596	-0.04422816
0.36361516	-0.04438043
0.35603835	-0.04451693
0.34849741	-0.04463740
0.34099423	-0.04474158
0.33353068	-0.04482923
0.32610862	-0.04490011
0.31872989	-0.04495398
0.31139634	-0.04499064
0.30410980	-0.04500987
0.29687207	-0.04501147
0.28968497	-0.04499526
0.28255029	-0.04496107
0.27546979	-0.04490873
0.26844526	-0.04483810
0.26147843	-0.04474903
0.25457105	-0.04464142
0.24772483	-0.04451514
0.24094148	-0.04437011
0.23422270	-0.04420624
0.22757016	-0.04402347
0.22098551	-0.04382173
0.21447040	-0.04360099
0.20802644	-0.04336124
0.20165526	-0.04310245
0.19535842	-0.04282463
0.18913751	-0.04252780
0.18299408	-0.04221199
0.17692964	-0.04187726
0.17094573	-0.04152366
0.16504382	-0.04115127
0.15922539	-0.04076018
0.15349188	-0.04035050
0.14784474	-0.03992233
0.14228536	-0.03947583
0.13681512	-0.03901112
0.13143541	-0.03852836
0.12614754	-0.03802773
0.12095285	-0.03750940
0.11585262	-0.03697357
0.11084814	-0.03642043
0.10594063	-0.03585021
0.10113134	-0.03526313
0.09642145	-0.03465942
0.09181214	-0.03403932
0.08730456	-0.03340308
0.08289983	-0.03275095
0.07859905	-0.03208322
0.07440330	-0.03140014
0.07031361	-0.03070199
0.06633101	-0.02998906
0.06245649	-0.02926163
0.05869101	-0.02851998
0.05503552	-0.02776443
0.05149092	-0.02699524
0.04805810	-0.02621274
0.04473791	-0.02541720
0.04153119	-0.02460894
0.03843872	-0.02378824
0.03546128	-0.02295540
0.03259962	-0.02211071
0.02985444	-0.02125446
0.02722644	-0.02038694
0.02471626	-0.01950843
0.02232452	-0.01861921
0.02005184	-0.01771954
0.01789877	-0.01680970
0.01586585	-0.01588993
0.01395358	-0.01496050
0.01216245	-0.01402164
0.01049290	-0.01307359
0.00894534	-0.01211657
0.00752016	-0.01115079
0.00621772	-0.01017646
0.00503834	-0.00919378
0.00398232	-0.00820293
0.00304991	-0.00720408
0.00224136	-0.00619738
0.00155685	-0.00518300
0.00099657	-0.00416105
0.00056065	-0.00313168
0.00024921	-0.00209498
0.00006231	-0.00105106
0.00000000	-0.00000000
