# NACA 63-012 | t/c=12% | 6-series laminar (high reward)
# Normalised chord (x in [0,1])
# x_norm   y_norm
0.00000000	0.00000000
0.00006231	0.00140259
0.00024921	0.00279801
0.00056065	0.00418614
0.00099657	0.00556686
0.00155685	0.00694001
0.00224136	0.00830542
0.00304991	0.00966292
0.00398232	0.01101230
0.00503834	0.01235334
0.00621772	0.01368581
0.00752016	0.01500946
0.00894534	0.01632401
0.01049290	0.01762920
0.01216245	0.01892472
0.01395358	0.02021027
0.01586585	0.02148552
0.01789877	0.02275013
0.02005184	0.02400377
0.02232452	0.02524607
0.02471626	0.02647666
0.02722644	0.02769517
0.02985444	0.02890120
0.03259962	0.03009436
0.03546128	0.03127424
0.03843872	0.03244044
0.04153119	0.03359254
0.04473791	0.03473012
0.04805810	0.03585275
0.05149092	0.03696000
0.05503552	0.03805146
0.05869101	0.03912667
0.06245649	0.04018522
0.06633101	0.04122667
0.07031361	0.04225059
0.07440330	0.04325655
0.07859905	0.04424412
0.08289983	0.04521290
0.08730456	0.04616246
0.09181214	0.04709239
0.09642145	0.04800228
0.10113134	0.04889175
0.10594063	0.04976040
0.11084814	0.05060785
0.11585262	0.05143374
0.12095285	0.05223770
0.12614754	0.05301939
0.13143541	0.05377847
0.13681512	0.05451461
0.14228536	0.05522751
0.14784474	0.05591686
0.15349188	0.05658239
0.15922539	0.05722382
0.16504382	0.05784089
0.17094573	0.05843338
0.17692964	0.05900106
0.18299408	0.05954371
0.18913751	0.06006116
0.19535842	0.06055322
0.20165526	0.06101975
0.20802644	0.06146060
0.21447040	0.06187565
0.22098551	0.06226481
0.22757016	0.06262797
0.23422270	0.06296509
0.24094148	0.06327611
0.24772483	0.06356099
0.25457105	0.06381973
0.26147843	0.06405233
0.26844526	0.06425882
0.27546979	0.06443923
0.28255029	0.06459363
0.28968497	0.06472209
0.29687207	0.06482472
0.30410980	0.06490161
0.31139634	0.06495290
0.31872989	0.06497874
0.32610862	0.06497929
0.33353068	0.06495473
0.34099423	0.06490525
0.34849741	0.06483106
0.35603835	0.06473240
0.36361516	0.06460950
0.37122596	0.06446262
0.37886886	0.06429203
0.38654195	0.06409802
0.39424331	0.06388087
0.40197103	0.06364091
0.40972317	0.06337846
0.41749782	0.06309385
0.42529303	0.06278743
0.43310686	0.06245956
0.44093736	0.06211061
0.44878258	0.06174096
0.45664056	0.06135100
0.46450935	0.06094113
0.47238698	0.06051176
0.48027150	0.06006331
0.48816093	0.05959620
0.49605332	0.05911087
0.50394668	0.05860775
0.51183907	0.05808730
0.51972850	0.05754996
0.52761302	0.05699621
0.53549065	0.05642650
0.54335944	0.05584130
0.55121742	0.05524110
0.55906264	0.05462636
0.56689314	0.05399759
0.57470697	0.05335526
0.58250218	0.05269986
0.59027683	0.05203189
0.59802897	0.05135184
0.60575669	0.05066022
0.61345805	0.04995753
0.62113114	0.04924427
0.62877404	0.04852093
0.63638484	0.04778804
0.64396165	0.04704609
0.65150259	0.04629559
0.65900577	0.04553704
0.66646932	0.04477097
0.67389138	0.04399787
0.68127011	0.04321824
0.68860366	0.04243261
0.69589020	0.04164146
0.70312793	0.04084532
0.71031503	0.04004468
0.71744971	0.03924005
0.72453021	0.03843193
0.73155474	0.03762081
0.73852157	0.03680721
0.74542895	0.03599162
0.75227517	0.03517453
0.75905852	0.03435645
0.76577730	0.03353785
0.77242984	0.03271924
0.77901449	0.03190111
0.78552960	0.03108394
0.79197356	0.03026821
0.79834474	0.02945441
0.80464158	0.02864301
0.81086249	0.02783451
0.81700592	0.02702936
0.82307036	0.02622805
0.82905427	0.02543104
0.83495618	0.02463880
0.84077461	0.02385180
0.84650812	0.02307050
0.85215526	0.02229534
0.85771464	0.02152680
0.86318488	0.02076532
0.86856459	0.02001135
0.87385246	0.01926533
0.87904715	0.01852770
0.88414738	0.01779890
0.88915186	0.01707936
0.89405937	0.01636952
0.89886866	0.01566978
0.90357855	0.01498058
0.90818786	0.01430232
0.91269544	0.01363542
0.91710017	0.01298028
0.92140095	0.01233729
0.92559670	0.01170684
0.92968639	0.01108933
0.93366899	0.01048513
0.93754351	0.00989461
0.94130899	0.00931815
0.94496448	0.00875609
0.94850908	0.00820880
0.95194190	0.00767661
0.95526209	0.00715985
0.95846881	0.00665886
0.96156128	0.00617396
0.96453872	0.00570545
0.96740038	0.00525364
0.97014556	0.00481881
0.97277356	0.00440124
0.97528374	0.00400122
0.97767548	0.00361899
0.97994816	0.00325481
0.98210123	0.00290891
0.98413415	0.00258153
0.98604642	0.00227288
0.98783755	0.00198316
0.98950710	0.00171257
0.99105466	0.00146129
0.99247984	0.00122948
0.99378228	0.00101730
0.99496166	0.00082490
0.99601768	0.00065240
0.99695009	0.00049992
0.99775864	0.00036756
0.99844315	0.00025541
0.99900343	0.00016354
0.99943935	0.00009203
0.99975079	0.00004091
0.99993769	0.00001023
1.00000000	-0.00000000
1.00000000	0.00000000
0.99993769	-0.00001023
0.99975079	-0.00004091
0.99943935	-0.00009203
0.99900343	-0.00016354
0.99844315	-0.00025541
0.99775864	-0.00036756
0.99695009	-0.00049992
0.99601768	-0.00065240
0.99496166	-0.00082490
0.99378228	-0.00101730
0.99247984	-0.00122948
0.99105466	-0.00146129
0.98950710	-0.00171257
0.98783755	-0.00198316
0.98604642	-0.00227288
0.98413415	-0.00258153
0.98210123	-0.00290891
0.97994816	-0.00325481
0.97767548	-0.00361899
0.97528374	-0.00400122
0.97277356	-0.00440124
0.97014556	-0.00481881
0.96740038	-0.00525364
0.96453872	-0.00570545
0.96156128	-0.00617396
0.95846881	-0.00665886
0.95526209	-0.00715985
0.95194190	-0.00767661
0.94850908	-0.00820880
0.94496448	-0.00875609
0.94130899	-0.00931815
0.93754351	-0.00989461
0.93366899	-0.01048513
0.92968639	-0.01108933
0.92559670	-0.01170684
0.92140095	-0.01233729
0.91710017	-0.01298028
0.91269544	-0.01363542
0.90818786	-0.01430232
0.90357855	-0.01498058
0.89886866	-0.01566978
0.89405937	-0.01636952
0.88915186	-0.01707936
0.88414738	-0.01779890
0.87904715	-0.01852770
0.87385246	-0.01926533
0.86856459	-0.02001135
0.86318488	-0.02076532
0.85771464	-0.02152680
0.85215526	-0.02229534
0.84650812	-0.02307050
0.84077461	-0.02385180
0.83495618	-0.02463880
0.82905427	-0.02543104
0.82307036	-0.02622805
0.81700592	-0.02702936
0.81086249	-0.02783451
0.80464158	-0.02864301
0.79834474	-0.02945441
0.79197356	-0.03026821
0.78552960	-0.03108394
0.77901449	-0.03190111
0.77242984	-0.03271924
0.76577730	-0.03353785
0.75905852	-0.03435645
0.75227517	-0.03517453
0.74542895	-0.03599162
0.73852157	-0.03680721
0.73155474	-0.03762081
0.72453021	-0.03843193
0.71744971	-0.03924005
0.71031503	-0.04004468
0.70312793	-0.04084532
0.69589020	-0.04164146
0.68860366	-0.04243261
0.68127011	-0.04321824
0.67389138	-0.04399787
0.66646932	-0.04477097
0.65900577	-0.04553704
0.65150259	-0.04629559
0.64396165	-0.04704609
0.63638484	-0.04778804
0.62877404	-0.04852093
0.62113114	-0.04924427
0.61345805	-0.04995753
0.60575669	-0.05066022
0.59802897	-0.05135184
0.59027683	-0.05203189
0.58250218	-0.05269986
0.57470697	-0.05335526
0.56689314	-0.05399759
0.55906264	-0.05462636
0.55121742	-0.05524110
0.54335944	-0.05584130
0.53549065	-0.05642650
0.52761302	-0.05699621
0.51972850	-0.05754996
0.51183907	-0.05808730
0.50394668	-0.05860775
0.49605332	-0.05911087
0.48816093	-0.05959620
0.48027150	-0.06006331
0.47238698	-0.06051176
0.46450935	-0.06094113
0.45664056	-0.06135100
0.44878258	-0.06174096
0.44093736	-0.06211061
0.43310686	-0.06245956
0.42529303	-0.06278743
0.41749782	-0.06309385
0.40972317	-0.06337846
0.40197103	-0.06364091
0.39424331	-0.06388087
0.38654195	-0.06409802
0.37886886	-0.06429203
0.37122596	-0.06446262
0.36361516	-0.06460950
0.35603835	-0.06473240
0.34849741	-0.06483106
0.34099423	-0.06490525
0.33353068	-0.06495473
0.32610862	-0.06497929
0.31872989	-0.06497874
0.31139634	-0.06495290
0.30410980	-0.06490161
0.29687207	-0.06482472
0.28968497	-0.06472209
0.28255029	-0.06459363
0.27546979	-0.06443923
0.26844526	-0.06425882
0.26147843	-0.06405233
0.25457105	-0.06381973
0.24772483	-0.06356099
0.24094148	-0.06327611
0.23422270	-0.06296509
0.22757016	-0.06262797
0.22098551	-0.06226481
0.21447040	-0.06187565
0.20802644	-0.06146060
0.20165526	-0.06101975
0.19535842	-0.06055322
0.18913751	-0.06006116
0.18299408	-0.05954371
0.17692964	-0.05900106
0.17094573	-0.05843338
0.16504382	-0.05784089
0.15922539	-0.05722382
0.15349188	-0.05658239
0.14784474	-0.05591686
0.14228536	-0.05522751
0.13681512	-0.05451461
0.13143541	-0.05377847
0.12614754	-0.05301939
0.12095285	-0.05223770
0.11585262	-0.05143374
0.11084814	-0.05060785
0.10594063	-0.04976040
0.10113134	-0.04889175
0.09642145	-0.04800228
0.09181214	-0.04709239
0.08730456	-0.04616246
0.08289983	-0.04521290
0.07859905	-0.04424412
0.07440330	-0.04325655
0.07031361	-0.04225059
0.06633101	-0.04122667
0.06245649	-0.04018522
0.05869101	-0.03912667
0.05503552	-0.03805146
0.05149092	-0.03696000
0.04805810	-0.03585275
0.04473791	-0.03473012
0.04153119	-0.03359254
0.03843872	-0.03244044
0.03546128	-0.03127424
0.03259962	-0.03009436
0.02985444	-0.02890120
0.02722644	-0.02769517
0.02471626	-0.02647666
0.02232452	-0.02524607
0.02005184	-0.02400377
0.01789877	-0.02275013
0.01586585	-0.02148552
0.01395358	-0.02021027
0.01216245	-0.01892472
0.01049290	-0.01762920
0.00894534	-0.01632401
0.00752016	-0.01500946
0.00621772	-0.01368581
0.00503834	-0.01235334
0.00398232	-0.01101230
0.00304991	-0.00966292
0.00224136	-0.00830542
0.00155685	-0.00694001
0.00099657	-0.00556686
0.00056065	-0.00418614
0.00024921	-0.00279801
0.00006231	-0.00140259
0.00000000	-0.00000000
