# NACA 0012 | t/c=12% | CycloProp Rev 3.0 CHOSEN [SELECTED]
# Source: NACA 4-digit formula (Report 460)
# Chord = 38.0 mm (actual blade chord)
# x_mm     y_mm
0.00000	0.00000
0.00237	0.05325
0.00947	0.10615
0.02130	0.15867
0.03787	0.21083
0.05916	0.26261
0.08517	0.31400
0.11590	0.36501
0.15133	0.41562
0.19146	0.46582
0.23627	0.51561
0.28577	0.56497
0.33992	0.61391
0.39873	0.66240
0.46217	0.71043
0.53024	0.75800
0.60290	0.80509
0.68015	0.85169
0.76197	0.89779
0.84833	0.94337
0.93922	0.98843
1.03460	1.03294
1.13447	1.07689
1.23879	1.12028
1.34753	1.16307
1.46067	1.20527
1.57819	1.24685
1.70004	1.28781
1.82621	1.32811
1.95665	1.36776
2.09135	1.40673
2.23026	1.44501
2.37335	1.48259
2.52058	1.51945
2.67192	1.55557
2.82733	1.59094
2.98676	1.62555
3.15019	1.65938
3.31757	1.69242
3.48886	1.72466
3.66402	1.75608
3.84299	1.78667
4.02574	1.81641
4.21223	1.84530
4.40240	1.87333
4.59621	1.90048
4.79361	1.92674
4.99455	1.95210
5.19897	1.97656
5.40684	2.00011
5.61810	2.02273
5.83269	2.04443
6.05056	2.06518
6.27167	2.08500
6.49594	2.10387
6.72333	2.12178
6.95377	2.13874
7.18723	2.15474
7.42362	2.16978
7.66290	2.18386
7.90500	2.19697
8.14988	2.20912
8.39745	2.22030
8.64767	2.23052
8.90046	2.23978
9.15578	2.24809
9.41354	2.25543
9.67370	2.26183
9.93618	2.26728
10.20092	2.27180
10.46785	2.27538
10.73691	2.27803
11.00803	2.27976
11.28114	2.28058
11.55617	2.28050
11.83306	2.27953
12.11174	2.27767
12.39213	2.27494
12.67417	2.27135
12.95778	2.26691
13.24290	2.26163
13.52946	2.25552
13.81738	2.24861
14.10659	2.24089
14.39702	2.23239
14.68859	2.22312
14.98125	2.21310
15.27490	2.20233
15.56948	2.19084
15.86492	2.17864
16.16114	2.16574
16.45806	2.15216
16.75562	2.13793
17.05374	2.12304
17.35234	2.10753
17.65136	2.09141
17.95071	2.07469
18.25032	2.05739
18.55012	2.03953
18.85003	2.02113
19.14997	2.00220
19.44988	1.98276
19.74968	1.96283
20.04929	1.94242
20.34864	1.92156
20.64766	1.90025
20.94626	1.87853
21.24438	1.85639
21.54194	1.83387
21.83886	1.81097
22.13508	1.78772
22.43052	1.76413
22.72510	1.74022
23.01875	1.71600
23.31141	1.69150
23.60298	1.66672
23.89341	1.64168
24.18262	1.61641
24.47054	1.59091
24.75710	1.56520
25.04222	1.53930
25.32583	1.51322
25.60787	1.48698
25.88826	1.46059
26.16694	1.43407
26.44383	1.40743
26.71886	1.38069
26.99197	1.35387
27.26309	1.32697
27.53215	1.30002
27.79908	1.27302
28.06382	1.24599
28.32630	1.21895
28.58646	1.19190
28.84422	1.16487
29.09954	1.13787
29.35233	1.11091
29.60255	1.08400
29.85012	1.05716
30.09500	1.03041
30.33710	1.00374
30.57638	0.97719
30.81277	0.95077
31.04623	0.92448
31.27667	0.89833
31.50406	0.87236
31.72833	0.84655
31.94944	0.82094
32.16731	0.79553
32.38190	0.77034
32.59316	0.74538
32.80103	0.72065
33.00545	0.69619
33.20639	0.67199
33.40379	0.64808
33.59760	0.62445
33.78777	0.60114
33.97426	0.57814
34.15701	0.55548
34.33598	0.53317
34.51114	0.51121
34.68243	0.48962
34.84981	0.46841
35.01324	0.44760
35.17267	0.42719
35.32808	0.40721
35.47942	0.38765
35.62665	0.36854
35.76974	0.34988
35.90865	0.33168
36.04335	0.31397
36.17379	0.29674
36.29996	0.28000
36.42181	0.26378
36.53933	0.24808
36.65247	0.23290
36.76121	0.21826
36.86553	0.20418
36.96540	0.19064
37.06078	0.17768
37.15167	0.16529
37.23803	0.15348
37.31985	0.14227
37.39710	0.13165
37.46976	0.12164
37.53783	0.11224
37.60127	0.10346
37.66008	0.09531
37.71423	0.08779
37.76373	0.08090
37.80854	0.07466
37.84867	0.06906
37.88410	0.06411
37.91483	0.05981
37.94084	0.05617
37.96213	0.05319
37.97870	0.05087
37.99053	0.04921
37.99763	0.04821
38.00000	0.04788
38.00000	-0.04788
37.99763	-0.04821
37.99053	-0.04921
37.97870	-0.05087
37.96213	-0.05319
37.94084	-0.05617
37.91483	-0.05981
37.88410	-0.06411
37.84867	-0.06906
37.80854	-0.07466
37.76373	-0.08090
37.71423	-0.08779
37.66008	-0.09531
37.60127	-0.10346
37.53783	-0.11224
37.46976	-0.12164
37.39710	-0.13165
37.31985	-0.14227
37.23803	-0.15348
37.15167	-0.16529
37.06078	-0.17768
36.96540	-0.19064
36.86553	-0.20418
36.76121	-0.21826
36.65247	-0.23290
36.53933	-0.24808
36.42181	-0.26378
36.29996	-0.28000
36.17379	-0.29674
36.04335	-0.31397
35.90865	-0.33168
35.76974	-0.34988
35.62665	-0.36854
35.47942	-0.38765
35.32808	-0.40721
35.17267	-0.42719
35.01324	-0.44760
34.84981	-0.46841
34.68243	-0.48962
34.51114	-0.51121
34.33598	-0.53317
34.15701	-0.55548
33.97426	-0.57814
33.78777	-0.60114
33.59760	-0.62445
33.40379	-0.64808
33.20639	-0.67199
33.00545	-0.69619
32.80103	-0.72065
32.59316	-0.74538
32.38190	-0.77034
32.16731	-0.79553
31.94944	-0.82094
31.72833	-0.84655
31.50406	-0.87236
31.27667	-0.89833
31.04623	-0.92448
30.81277	-0.95077
30.57638	-0.97719
30.33710	-1.00374
30.09500	-1.03041
29.85012	-1.05716
29.60255	-1.08400
29.35233	-1.11091
29.09954	-1.13787
28.84422	-1.16487
28.58646	-1.19190
28.32630	-1.21895
28.06382	-1.24599
27.79908	-1.27302
27.53215	-1.30002
27.26309	-1.32697
26.99197	-1.35387
26.71886	-1.38069
26.44383	-1.40743
26.16694	-1.43407
25.88826	-1.46059
25.60787	-1.48698
25.32583	-1.51322
25.04222	-1.53930
24.75710	-1.56520
24.47054	-1.59091
24.18262	-1.61641
23.89341	-1.64168
23.60298	-1.66672
23.31141	-1.69150
23.01875	-1.71600
22.72510	-1.74022
22.43052	-1.76413
22.13508	-1.78772
21.83886	-1.81097
21.54194	-1.83387
21.24438	-1.85639
20.94626	-1.87853
20.64766	-1.90025
20.34864	-1.92156
20.04929	-1.94242
19.74968	-1.96283
19.44988	-1.98276
19.14997	-2.00220
18.85003	-2.02113
18.55012	-2.03953
18.25032	-2.05739
17.95071	-2.07469
17.65136	-2.09141
17.35234	-2.10753
17.05374	-2.12304
16.75562	-2.13793
16.45806	-2.15216
16.16114	-2.16574
15.86492	-2.17864
15.56948	-2.19084
15.27490	-2.20233
14.98125	-2.21310
14.68859	-2.22312
14.39702	-2.23239
14.10659	-2.24089
13.81738	-2.24861
13.52946	-2.25552
13.24290	-2.26163
12.95778	-2.26691
12.67417	-2.27135
12.39213	-2.27494
12.11174	-2.27767
11.83306	-2.27953
11.55617	-2.28050
11.28114	-2.28058
11.00803	-2.27976
10.73691	-2.27803
10.46785	-2.27538
10.20092	-2.27180
9.93618	-2.26728
9.67370	-2.26183
9.41354	-2.25543
9.15578	-2.24809
8.90046	-2.23978
8.64767	-2.23052
8.39745	-2.22030
8.14988	-2.20912
7.90500	-2.19697
7.66290	-2.18386
7.42362	-2.16978
7.18723	-2.15474
6.95377	-2.13874
6.72333	-2.12178
6.49594	-2.10387
6.27167	-2.08500
6.05056	-2.06518
5.83269	-2.04443
5.61810	-2.02273
5.40684	-2.00011
5.19897	-1.97656
4.99455	-1.95210
4.79361	-1.92674
4.59621	-1.90048
4.40240	-1.87333
4.21223	-1.84530
4.02574	-1.81641
3.84299	-1.78667
3.66402	-1.75608
3.48886	-1.72466
3.31757	-1.69242
3.15019	-1.65938
2.98676	-1.62555
2.82733	-1.59094
2.67192	-1.55557
2.52058	-1.51945
2.37335	-1.48259
2.23026	-1.44501
2.09135	-1.40673
1.95665	-1.36776
1.82621	-1.32811
1.70004	-1.28781
1.57819	-1.24685
1.46067	-1.20527
1.34753	-1.16307
1.23879	-1.12028
1.13447	-1.07689
1.03460	-1.03294
0.93922	-0.98843
0.84833	-0.94337
0.76197	-0.89779
0.68015	-0.85169
0.60290	-0.80509
0.53024	-0.75800
0.46217	-0.71043
0.39873	-0.66240
0.33992	-0.61391
0.28577	-0.56497
0.23627	-0.51561
0.19146	-0.46582
0.15133	-0.41562
0.11590	-0.36501
0.08517	-0.31400
0.05916	-0.26261
0.03787	-0.21083
0.02130	-0.15867
0.00947	-0.10615
0.00237	-0.05325
0.00000	-0.00000
