# NACA 0015 | t/c=15% | Original baseline
# Source: NACA 4-digit formula (Report 460)
# Chord = 38.0 mm (actual blade chord)
# x_mm     y_mm
0.00000	0.00000
0.00237	0.06657
0.00947	0.13268
0.02130	0.19834
0.03787	0.26353
0.05916	0.32826
0.08517	0.39250
0.11590	0.45626
0.15133	0.51952
0.19146	0.58227
0.23627	0.64451
0.28577	0.70622
0.33992	0.76738
0.39873	0.82799
0.46217	0.88804
0.53024	0.94750
0.60290	1.00636
0.68015	1.06461
0.76197	1.12224
0.84833	1.17922
0.93922	1.23553
1.03460	1.29117
1.13447	1.34612
1.23879	1.40034
1.34753	1.45384
1.46067	1.50659
1.57819	1.55857
1.70004	1.60976
1.82621	1.66014
1.95665	1.70970
2.09135	1.75841
2.23026	1.80627
2.37335	1.85324
2.52058	1.89931
2.67192	1.94446
2.82733	1.98868
2.98676	2.03194
3.15019	2.07423
3.31757	2.11553
3.48886	2.15582
3.66402	2.19510
3.84299	2.23333
4.02574	2.27051
4.21223	2.30663
4.40240	2.34166
4.59621	2.37560
4.79361	2.40842
4.99455	2.44013
5.19897	2.47070
5.40684	2.50014
5.61810	2.52841
5.83269	2.55553
6.05056	2.58148
6.27167	2.60625
6.49594	2.62983
6.72333	2.65223
6.95377	2.67343
7.18723	2.69343
7.42362	2.71223
7.66290	2.72982
7.90500	2.74621
8.14988	2.76140
8.39745	2.77538
8.64767	2.78815
8.90046	2.79973
9.15578	2.81011
9.41354	2.81929
9.67370	2.82729
9.93618	2.83411
10.20092	2.83975
10.46785	2.84422
10.73691	2.84753
11.00803	2.84970
11.28114	2.85073
11.55617	2.85062
11.83306	2.84941
12.11174	2.84709
12.39213	2.84367
12.67417	2.83918
12.95778	2.83363
13.24290	2.82704
13.52946	2.81941
13.81738	2.81076
14.10659	2.80112
14.39702	2.79049
14.68859	2.77891
14.98125	2.76637
15.27490	2.75291
15.56948	2.73855
15.86492	2.72330
16.16114	2.70717
16.45806	2.69021
16.75562	2.67241
17.05374	2.65380
17.35234	2.63442
17.65136	2.61426
17.95071	2.59336
18.25032	2.57174
18.55012	2.54942
18.85003	2.52641
19.14997	2.50275
19.44988	2.47845
19.74968	2.45354
20.04929	2.42803
20.34864	2.40195
20.64766	2.37532
20.94626	2.34816
21.24438	2.32049
21.54194	2.29234
21.83886	2.26372
22.13508	2.23465
22.43052	2.20517
22.72510	2.17528
23.01875	2.14501
23.31141	2.11437
23.60298	2.08340
23.89341	2.05211
24.18262	2.02051
24.47054	1.98864
24.75710	1.95650
25.04222	1.92412
25.32583	1.89152
25.60787	1.85872
25.88826	1.82574
26.16694	1.79259
26.44383	1.75929
26.71886	1.72587
26.99197	1.69234
27.26309	1.65871
27.53215	1.62502
27.79908	1.59127
28.06382	1.55749
28.32630	1.52368
28.58646	1.48988
28.84422	1.45609
29.09954	1.42234
29.35233	1.38863
29.60255	1.35500
29.85012	1.32145
30.09500	1.28801
30.33710	1.25468
30.57638	1.22149
30.81277	1.18846
31.04623	1.15559
31.27667	1.12292
31.50406	1.09044
31.72833	1.05819
31.94944	1.02618
32.16731	0.99442
32.38190	0.96292
32.59316	0.93172
32.80103	0.90082
33.00545	0.87024
33.20639	0.83999
33.40379	0.81009
33.59760	0.78057
33.78777	0.75142
33.97426	0.72268
34.15701	0.69435
34.33598	0.66646
34.51114	0.63901
34.68243	0.61202
34.84981	0.58551
35.01324	0.55950
35.17267	0.53399
35.32808	0.50901
35.47942	0.48456
35.62665	0.46067
35.76974	0.43735
35.90865	0.41461
36.04335	0.39246
36.17379	0.37092
36.29996	0.35001
36.42181	0.32973
36.53933	0.31010
36.65247	0.29113
36.76121	0.27283
36.86553	0.25522
36.96540	0.23830
37.06078	0.22210
37.15167	0.20661
37.23803	0.19185
37.31985	0.17783
37.39710	0.16456
37.46976	0.15205
37.53783	0.14030
37.60127	0.12933
37.66008	0.11914
37.71423	0.10974
37.76373	0.10113
37.80854	0.09332
37.84867	0.08633
37.88410	0.08014
37.91483	0.07477
37.94084	0.07022
37.96213	0.06649
37.97870	0.06359
37.99053	0.06151
37.99763	0.06027
38.00000	0.05985
38.00000	-0.05985
37.99763	-0.06027
37.99053	-0.06151
37.97870	-0.06359
37.96213	-0.06649
37.94084	-0.07022
37.91483	-0.07477
37.88410	-0.08014
37.84867	-0.08633
37.80854	-0.09332
37.76373	-0.10113
37.71423	-0.10974
37.66008	-0.11914
37.60127	-0.12933
37.53783	-0.14030
37.46976	-0.15205
37.39710	-0.16456
37.31985	-0.17783
37.23803	-0.19185
37.15167	-0.20661
37.06078	-0.22210
36.96540	-0.23830
36.86553	-0.25522
36.76121	-0.27283
36.65247	-0.29113
36.53933	-0.31010
36.42181	-0.32973
36.29996	-0.35001
36.17379	-0.37092
36.04335	-0.39246
35.90865	-0.41461
35.76974	-0.43735
35.62665	-0.46067
35.47942	-0.48456
35.32808	-0.50901
35.17267	-0.53399
35.01324	-0.55950
34.84981	-0.58551
34.68243	-0.61202
34.51114	-0.63901
34.33598	-0.66646
34.15701	-0.69435
33.97426	-0.72268
33.78777	-0.75142
33.59760	-0.78057
33.40379	-0.81009
33.20639	-0.83999
33.00545	-0.87024
32.80103	-0.90082
32.59316	-0.93172
32.38190	-0.96292
32.16731	-0.99442
31.94944	-1.02618
31.72833	-1.05819
31.50406	-1.09044
31.27667	-1.12292
31.04623	-1.15559
30.81277	-1.18846
30.57638	-1.22149
30.33710	-1.25468
30.09500	-1.28801
29.85012	-1.32145
29.60255	-1.35500
29.35233	-1.38863
29.09954	-1.42234
28.84422	-1.45609
28.58646	-1.48988
28.32630	-1.52368
28.06382	-1.55749
27.79908	-1.59127
27.53215	-1.62502
27.26309	-1.65871
26.99197	-1.69234
26.71886	-1.72587
26.44383	-1.75929
26.16694	-1.79259
25.88826	-1.82574
25.60787	-1.85872
25.32583	-1.89152
25.04222	-1.92412
24.75710	-1.95650
24.47054	-1.98864
24.18262	-2.02051
23.89341	-2.05211
23.60298	-2.08340
23.31141	-2.11437
23.01875	-2.14501
22.72510	-2.17528
22.43052	-2.20517
22.13508	-2.23465
21.83886	-2.26372
21.54194	-2.29234
21.24438	-2.32049
20.94626	-2.34816
20.64766	-2.37532
20.34864	-2.40195
20.04929	-2.42803
19.74968	-2.45354
19.44988	-2.47845
19.14997	-2.50275
18.85003	-2.52641
18.55012	-2.54942
18.25032	-2.57174
17.95071	-2.59336
17.65136	-2.61426
17.35234	-2.63442
17.05374	-2.65380
16.75562	-2.67241
16.45806	-2.69021
16.16114	-2.70717
15.86492	-2.72330
15.56948	-2.73855
15.27490	-2.75291
14.98125	-2.76637
14.68859	-2.77891
14.39702	-2.79049
14.10659	-2.80112
13.81738	-2.81076
13.52946	-2.81941
13.24290	-2.82704
12.95778	-2.83363
12.67417	-2.83918
12.39213	-2.84367
12.11174	-2.84709
11.83306	-2.84941
11.55617	-2.85062
11.28114	-2.85073
11.00803	-2.84970
10.73691	-2.84753
10.46785	-2.84422
10.20092	-2.83975
9.93618	-2.83411
9.67370	-2.82729
9.41354	-2.81929
9.15578	-2.81011
8.90046	-2.79973
8.64767	-2.78815
8.39745	-2.77538
8.14988	-2.76140
7.90500	-2.74621
7.66290	-2.72982
7.42362	-2.71223
7.18723	-2.69343
6.95377	-2.67343
6.72333	-2.65223
6.49594	-2.62983
6.27167	-2.60625
6.05056	-2.58148
5.83269	-2.55553
5.61810	-2.52841
5.40684	-2.50014
5.19897	-2.47070
4.99455	-2.44013
4.79361	-2.40842
4.59621	-2.37560
4.40240	-2.34166
4.21223	-2.30663
4.02574	-2.27051
3.84299	-2.23333
3.66402	-2.19510
3.48886	-2.15582
3.31757	-2.11553
3.15019	-2.07423
2.98676	-2.03194
2.82733	-1.98868
2.67192	-1.94446
2.52058	-1.89931
2.37335	-1.85324
2.23026	-1.80627
2.09135	-1.75841
1.95665	-1.70970
1.82621	-1.66014
1.70004	-1.60976
1.57819	-1.55857
1.46067	-1.50659
1.34753	-1.45384
1.23879	-1.40034
1.13447	-1.34612
1.03460	-1.29117
0.93922	-1.23553
0.84833	-1.17922
0.76197	-1.12224
0.68015	-1.06461
0.60290	-1.00636
0.53024	-0.94750
0.46217	-0.88804
0.39873	-0.82799
0.33992	-0.76738
0.28577	-0.70622
0.23627	-0.64451
0.19146	-0.58227
0.15133	-0.51952
0.11590	-0.45626
0.08517	-0.39250
0.05916	-0.32826
0.03787	-0.26353
0.02130	-0.19834
0.00947	-0.13268
0.00237	-0.06657
0.00000	-0.00000
